begin_time_stamp: 1574103165.1333325
data_header:
  time_stamp: [x, y, z, R11, R12, R13, R21, R22, R23, R31, R32, R33]
trajectory_data:
  '000.0000': ['0.139', '1.850', '0.080', '0.00405', '0.99999', '-0.00013', '-0.99999',
    '0.00405', '-0.00029', '-0.00029', '0.00013', '1.00000']
  '000.0667': ['0.136', '1.859', '0.080', '0.00254', '1.00000', '-0.00034', '-1.00000',
    '0.00254', '-0.00009', '-0.00009', '0.00034', '1.00000']
  '000.1333': ['0.135', '1.862', '0.080', '0.00010', '1.00000', '-0.00035', '-1.00000',
    '0.00010', '-0.00007', '-0.00007', '0.00035', '1.00000']
  '000.2000': ['0.135', '1.864', '0.080', '-0.00334', '0.99999', '-0.00036', '-0.99999',
    '-0.00334', '-0.00007', '-0.00007', '0.00036', '1.00000']
  '000.2667': ['0.135', '1.869', '0.080', '-0.00789', '0.99997', '-0.00035', '-0.99997',
    '-0.00789', '-0.00007', '-0.00007', '0.00035', '1.00000']
  '000.3333': ['0.135', '1.864', '0.080', '-0.01357', '0.99991', '-0.00036', '-0.99991',
    '-0.01357', '-0.00006', '-0.00006', '0.00035', '1.00000']
  '000.4000': ['0.134', '1.858', '0.080', '-0.02004', '0.99980', '-0.00033', '-0.99980',
    '-0.02004', '-0.00005', '-0.00006', '0.00033', '1.00000']
  '000.4667': ['0.134', '1.848', '0.080', '-0.02811', '0.99960', '-0.00033', '-0.99960',
    '-0.02811', '-0.00006', '-0.00007', '0.00033', '1.00000']
  '000.5333': ['0.135', '1.834', '0.080', '-0.03959', '0.99922', '-0.00034', '-0.99922',
    '-0.03959', '-0.00008', '-0.00009', '0.00034', '1.00000']
  '000.6000': ['0.134', '1.817', '0.080', '-0.05464', '0.99851', '-0.00034', '-0.99851',
    '-0.05464', '-0.00008', '-0.00010', '0.00033', '1.00000']
  '000.6667': ['0.133', '1.799', '0.080', '-0.07239', '0.99738', '-0.00035', '-0.99738',
    '-0.07239', '-0.00006', '-0.00009', '0.00034', '1.00000']
  '000.7333': ['0.129', '1.782', '0.080', '-0.08712', '0.99620', '-0.00061', '-0.99620',
    '-0.08712', '0.00015', '0.00009', '0.00062', '1.00000']
  '000.8000': ['0.126', '1.760', '0.080', '-0.10152', '0.99483', '-0.00067', '-0.99483',
    '-0.10152', '0.00021', '0.00014', '0.00069', '1.00000']
  '000.8667': ['0.124', '1.735', '0.080', '-0.11829', '0.99298', '-0.00061', '-0.99298',
    '-0.11829', '0.00031', '0.00023', '0.00064', '1.00000']
  '000.9333': ['0.123', '1.711', '0.080', '-0.13745', '0.99051', '-0.00065', '-0.99051',
    '-0.13745', '0.00037', '0.00028', '0.00069', '1.00000']
  '001.0000': ['0.120', '1.687', '0.080', '-0.15856', '0.98735', '-0.00065', '-0.98735',
    '-0.15856', '0.00048', '0.00037', '0.00072', '1.00000']
  '001.0667': ['0.117', '1.662', '0.080', '-0.18111', '0.98346', '-0.00072', '-0.98346',
    '-0.18111', '0.00052', '0.00038', '0.00080', '1.00000']
  '001.1333': ['0.113', '1.637', '0.080', '-0.20522', '0.97872', '-0.00077', '-0.97872',
    '-0.20522', '0.00055', '0.00038', '0.00086', '1.00000']
  '001.2000': ['0.108', '1.613', '0.080', '-0.23112', '0.97292', '-0.00080', '-0.97292',
    '-0.23112', '0.00056', '0.00036', '0.00091', '1.00000']
  '001.2667': ['0.103', '1.587', '0.080', '-0.25878', '0.96594', '-0.00082', '-0.96594',
    '-0.25878', '0.00058', '0.00034', '0.00094', '1.00000']
  '001.3333': ['0.096', '1.562', '0.080', '-0.24848', '0.96864', '-0.00088', '-0.96864',
    '-0.24848', '0.00058', '0.00034', '0.00100', '1.00000']
  '001.4000': ['0.089', '1.537', '0.080', '-0.17572', '0.98444', '-0.00095', '-0.98444',
    '-0.17572', '0.00054', '0.00037', '0.00103', '1.00000']
  '001.4667': ['0.084', '1.512', '0.080', '-0.10043', '0.99494', '-0.00098', '-0.99494',
    '-0.10043', '0.00053', '0.00043', '0.00103', '1.00000']
  '001.5333': ['0.081', '1.487', '0.080', '-0.06815', '0.99767', '-0.00107', '-0.99768',
    '-0.06815', '0.00049', '0.00042', '0.00110', '1.00000']
  '001.6000': ['0.079', '1.462', '0.080', '-0.09173', '0.99578', '-0.00112', '-0.99578',
    '-0.09173', '0.00044', '0.00033', '0.00115', '1.00000']
  '001.6667': ['0.077', '1.438', '0.080', '-0.11573', '0.99328', '-0.00114', '-0.99328',
    '-0.11573', '0.00039', '0.00026', '0.00117', '1.00000']
  '001.7333': ['0.075', '1.417', '0.080', '-0.06395', '0.99795', '-0.00116', '-0.99795',
    '-0.06395', '0.00019', '0.00012', '0.00117', '1.00000']
  '001.8000': ['0.074', '1.398', '0.080', '0.01291', '0.99992', '-0.00114', '-0.99992',
    '0.01291', '-0.00005', '-0.00004', '0.00114', '1.00000']
  '001.8667': ['0.072', '1.386', '0.080', '0.09290', '0.99568', '-0.00111', '-0.99568',
    '0.09290', '0.00002', '0.00012', '0.00110', '1.00000']
  '001.9333': ['0.072', '1.362', '0.080', '0.09227', '0.99573', '-0.00116', '-0.99573',
    '0.09227', '-0.00001', '0.00009', '0.00116', '1.00000']
  '002.0000': ['0.073', '1.326', '0.080', '0.07980', '0.99681', '-0.00087', '-0.99681',
    '0.07980', '-0.00049', '-0.00042', '0.00091', '1.00000']
  '002.0667': ['0.075', '1.296', '0.080', '0.06700', '0.99775', '-0.00076', '-0.99775',
    '0.06700', '-0.00059', '-0.00054', '0.00080', '1.00000']
  '002.1333': ['0.075', '1.269', '0.080', '0.05334', '0.99858', '-0.00068', '-0.99858',
    '0.05334', '-0.00060', '-0.00056', '0.00071', '1.00000']
  '002.2000': ['0.074', '1.244', '0.080', '0.04109', '0.99916', '-0.00065', '-0.99916',
    '0.04109', '-0.00053', '-0.00050', '0.00067', '1.00000']
  '002.2667': ['0.067', '1.221', '0.080', '0.04104', '0.99916', '-0.00072', '-0.99916',
    '0.04104', '-0.00013', '-0.00010', '0.00073', '1.00000']
  '002.3333': ['0.065', '1.206', '0.080', '0.04388', '0.99904', '-0.00094', '-0.99904',
    '0.04388', '-0.00006', '-0.00001', '0.00094', '1.00000']
  '002.4000': ['0.066', '1.181', '0.080', '0.04504', '0.99898', '-0.00096', '-0.99899',
    '0.04504', '-0.00010', '-0.00006', '0.00096', '1.00000']
  '002.4667': ['0.069', '1.155', '0.080', '0.04068', '0.99917', '-0.00080', '-0.99917',
    '0.04068', '-0.00017', '-0.00014', '0.00081', '1.00000']
  '002.5333': ['0.074', '1.131', '0.080', '0.02777', '0.99961', '-0.00056', '-0.99961',
    '0.02777', '-0.00066', '-0.00064', '0.00057', '1.00000']
  '002.6000': ['0.078', '1.108', '0.080', '0.00659', '0.99998', '-0.00034', '-0.99998',
    '0.00659', '-0.00102', '-0.00102', '0.00034', '1.00000']
  '002.6667': ['0.080', '1.083', '0.080', '0.05604', '0.99843', '-0.00030', '-0.99843',
    '0.05604', '-0.00100', '-0.00098', '0.00036', '1.00000']
  '002.7333': ['0.080', '1.059', '0.080', '0.13312', '0.99110', '-0.00029', '-0.99110',
    '0.13312', '-0.00099', '-0.00095', '0.00042', '1.00000']
  '002.8000': ['0.082', '1.029', '0.080', '0.21523', '0.97656', '-0.00054', '-0.97656',
    '0.21523', '-0.00043', '-0.00030', '0.00061', '1.00000']
  '002.8667': ['0.086', '1.001', '0.080', '0.30185', '0.95336', '-0.00051', '-0.95336',
    '0.30185', '-0.00039', '-0.00022', '0.00060', '1.00000']
  '002.9333': ['0.092', '0.974', '0.080', '0.39241', '0.91979', '-0.00046', '-0.91979',
    '0.39241', '-0.00041', '-0.00020', '0.00058', '1.00000']
  '003.0000': ['0.102', '0.947', '0.080', '0.48514', '0.87443', '-0.00039', '-0.87443',
    '0.48514', '-0.00040', '-0.00016', '0.00054', '1.00000']
  '003.0667': ['0.116', '0.918', '0.080', '0.57864', '0.81558', '-0.00036', '-0.81558',
    '0.57864', '-0.00041', '-0.00012', '0.00053', '1.00000']
  '003.1333': ['0.128', '0.895', '0.080', '0.67044', '0.74196', '-0.00033', '-0.74196',
    '0.67044', '-0.00042', '-0.00009', '0.00053', '1.00000']
  '003.2000': ['0.139', '0.879', '0.080', '0.75770', '0.65260', '-0.00030', '-0.65260',
    '0.75770', '-0.00046', '-0.00007', '0.00054', '1.00000']
  '003.2667': ['0.147', '0.869', '0.080', '0.83684', '0.54745', '-0.00027', '-0.54745',
    '0.83684', '-0.00046', '-0.00003', '0.00053', '1.00000']
  '003.3333': ['0.158', '0.859', '0.080', '0.90464', '0.42618', '-0.00027', '-0.42618',
    '0.90464', '-0.00040', '0.00008', '0.00048', '1.00000']
  '003.4000': ['0.170', '0.854', '0.080', '0.95602', '0.29330', '-0.00028', '-0.29330',
    '0.95602', '-0.00039', '0.00016', '0.00046', '1.00000']
  '003.4667': ['0.181', '0.850', '0.080', '0.98805', '0.15411', '-0.00028', '-0.15411',
    '0.98805', '-0.00039', '0.00021', '0.00042', '1.00000']
  '003.5333': ['0.196', '0.849', '0.080', '0.99718', '0.07508', '-0.00025', '-0.07508',
    '0.99718', '-0.00037', '0.00022', '0.00039', '1.00000']
  '003.6000': ['0.215', '0.848', '0.080', '0.99927', '0.03812', '-0.00026', '-0.03812',
    '0.99927', '-0.00035', '0.00024', '0.00036', '1.00000']
  '003.6667': ['0.239', '0.847', '0.080', '1.00000', '0.00121', '-0.00023', '-0.00121',
    '1.00000', '-0.00033', '0.00023', '0.00033', '1.00000']
  '003.7333': ['0.263', '0.847', '0.080', '0.99999', '0.00383', '-0.00021', '-0.00383',
    '0.99999', '-0.00034', '0.00021', '0.00034', '1.00000']
  '003.8000': ['0.287', '0.848', '0.080', '0.99734', '0.07292', '-0.00019', '-0.07292',
    '0.99734', '-0.00034', '0.00017', '0.00035', '1.00000']
  '003.8667': ['0.314', '0.848', '0.080', '0.98917', '0.14676', '-0.00018', '-0.14676',
    '0.98917', '-0.00033', '0.00013', '0.00035', '1.00000']
  '003.9333': ['0.346', '0.847', '0.080', '0.97987', '0.19963', '-0.00013', '-0.19963',
    '0.97987', '-0.00036', '0.00006', '0.00037', '1.00000']
  '004.0000': ['0.371', '0.846', '0.080', '0.98060', '0.19604', '-0.00013', '-0.19604',
    '0.98060', '-0.00037', '0.00006', '0.00039', '1.00000']
  '004.0667': ['0.396', '0.842', '0.080', '0.98014', '0.19831', '-0.00012', '-0.19831',
    '0.98014', '-0.00040', '0.00004', '0.00042', '1.00000']
  '004.1333': ['0.422', '0.836', '0.080', '0.97985', '0.19973', '-0.00013', '-0.19973',
    '0.97985', '-0.00038', '0.00005', '0.00040', '1.00000']
  '004.2000': ['0.447', '0.831', '0.080', '0.97926', '0.20263', '-0.00011', '-0.20263',
    '0.97926', '-0.00038', '0.00003', '0.00039', '1.00000']
  '004.2667': ['0.474', '0.825', '0.080', '0.96644', '0.25689', '-0.00011', '-0.25689',
    '0.96644', '-0.00036', '0.00002', '0.00038', '1.00000']
  '004.3333': ['0.507', '0.819', '0.080', '0.93228', '0.36174', '-0.00012', '-0.36174',
    '0.93228', '-0.00055', '-0.00009', '0.00056', '1.00000']
  '004.4000': ['0.531', '0.813', '0.080', '0.88287', '0.46961', '-0.00013', '-0.46961',
    '0.88287', '-0.00057', '-0.00015', '0.00056', '1.00000']
  '004.4667': ['0.555', '0.800', '0.080', '0.81766', '0.57570', '-0.00017', '-0.57570',
    '0.81766', '-0.00054', '-0.00017', '0.00053', '1.00000']
  '004.5333': ['0.573', '0.783', '0.080', '0.74055', '0.67201', '-0.00032', '-0.67201',
    '0.74055', '-0.00043', '-0.00005', '0.00053', '1.00000']
  '004.6000': ['0.581', '0.763', '0.080', '0.73482', '0.67826', '-0.00030', '-0.67826',
    '0.73482', '-0.00025', '0.00005', '0.00039', '1.00000']
  '004.6667': ['0.596', '0.745', '0.080', '0.73382', '0.67934', '-0.00028', '-0.67934',
    '0.73382', '-0.00021', '0.00007', '0.00035', '1.00000']
  '004.7333': ['0.614', '0.726', '0.080', '0.72925', '0.68425', '-0.00028', '-0.68425',
    '0.72925', '-0.00020', '0.00007', '0.00034', '1.00000']
  '004.8000': ['0.634', '0.709', '0.080', '0.65570', '0.75502', '-0.00027', '-0.75502',
    '0.65570', '-0.00017', '0.00005', '0.00032', '1.00000']
  '004.8667': ['0.655', '0.690', '0.080', '0.57013', '0.82156', '-0.00028', '-0.82156',
    '0.57013', '-0.00016', '0.00002', '0.00032', '1.00000']
  '004.9333': ['0.683', '0.666', '0.080', '0.45972', '0.88807', '-0.00036', '-0.88807',
    '0.45972', '-0.00023', '-0.00004', '0.00042', '1.00000']
  '005.0000': ['0.700', '0.641', '0.080', '0.33324', '0.94284', '-0.00042', '-0.94284',
    '0.33324', '-0.00024', '-0.00009', '0.00047', '1.00000']
  '005.0667': ['0.711', '0.612', '0.080', '0.24224', '0.97022', '-0.00037', '-0.97022',
    '0.24224', '-0.00026', '-0.00016', '0.00042', '1.00000']
  '005.1333': ['0.719', '0.577', '0.080', '0.20531', '0.97870', '-0.00000', '-0.97870',
    '0.20531', '-0.00035', '-0.00034', '0.00008', '1.00000']
  '005.2000': ['0.716', '0.550', '0.080', '0.18051', '0.98357', '-0.00002', '-0.98357',
    '0.18051', '-0.00027', '-0.00026', '0.00007', '1.00000']
  '005.2667': ['0.721', '0.524', '0.080', '0.15354', '0.98814', '-0.00006', '-0.98814',
    '0.15354', '-0.00032', '-0.00030', '0.00010', '1.00000']
  '005.3333': ['0.726', '0.500', '0.080', '0.12197', '0.99253', '-0.00008', '-0.99253',
    '0.12197', '-0.00031', '-0.00030', '0.00012', '1.00000']
  '005.4000': ['0.728', '0.475', '0.080', '0.18875', '0.98203', '-0.00001', '-0.98203',
    '0.18875', '-0.00027', '-0.00027', '0.00007', '1.00000']
  '005.4667': ['0.733', '0.449', '0.080', '0.25615', '0.96664', '0.00002', '-0.96664',
    '0.25615', '-0.00028', '-0.00028', '0.00006', '1.00000']
  '005.5333': ['0.741', '0.423', '0.080', '0.31990', '0.94745', '-0.00004', '-0.94745',
    '0.31990', '-0.00033', '-0.00030', '0.00015', '1.00000']
  '005.6000': ['0.749', '0.398', '0.080', '0.38534', '0.92277', '-0.00003', '-0.92277',
    '0.38534', '-0.00034', '-0.00030', '0.00016', '1.00000']
  '005.6667': ['0.758', '0.373', '0.080', '0.45236', '0.89184', '-0.00001', '-0.89184',
    '0.45236', '-0.00035', '-0.00031', '0.00016', '1.00000']
  '005.7333': ['0.770', '0.349', '0.080', '0.51730', '0.85581', '-0.00004', '-0.85581',
    '0.51730', '-0.00035', '-0.00028', '0.00022', '1.00000']
  '005.8000': ['0.786', '0.325', '0.080', '0.57923', '0.81516', '-0.00015', '-0.81516',
    '0.57923', '-0.00036', '-0.00021', '0.00033', '1.00000']
  '005.8667': ['0.805', '0.296', '0.080', '0.64141', '0.76720', '-0.00015', '-0.76720',
    '0.64141', '-0.00037', '-0.00019', '0.00036', '1.00000']
  '005.9333': ['0.834', '0.254', '0.080', '0.70936', '0.70485', '-0.00003', '-0.70485',
    '0.70936', '-0.00034', '-0.00021', '0.00026', '1.00000']
  '006.0000': ['0.863', '0.222', '0.080', '0.77429', '0.63283', '-0.00001', '-0.63283',
    '0.77429', '-0.00033', '-0.00020', '0.00027', '1.00000']
  '006.0667': ['0.892', '0.197', '0.080', '0.81087', '0.58523', '-0.00001', '-0.58523',
    '0.81087', '-0.00033', '-0.00019', '0.00027', '1.00000']
  '006.1333': ['0.923', '0.176', '0.080', '0.80613', '0.59173', '-0.00002', '-0.59173',
    '0.80613', '-0.00033', '-0.00018', '0.00028', '1.00000']
  '006.2000': ['0.954', '0.157', '0.080', '0.79762', '0.60316', '-0.00002', '-0.60316',
    '0.79762', '-0.00033', '-0.00018', '0.00028', '1.00000']
  '006.2667': ['0.985', '0.138', '0.080', '0.80955', '0.58706', '-0.00002', '-0.58706',
    '0.80955', '-0.00033', '-0.00018', '0.00028', '1.00000']
  '006.3333': ['1.019', '0.118', '0.080', '0.84816', '0.52973', '-0.00000', '-0.52973',
    '0.84816', '-0.00033', '-0.00017', '0.00029', '1.00000']
  '006.4000': ['1.058', '0.099', '0.080', '0.87818', '0.47833', '0.00001', '-0.47833',
    '0.87818', '-0.00033', '-0.00016', '0.00029', '1.00000']
  '006.4667': ['1.102', '0.078', '0.080', '0.90204', '0.43165', '0.00001', '-0.43165',
    '0.90204', '-0.00033', '-0.00015', '0.00029', '1.00000']
  '006.5333': ['1.152', '0.055', '0.080', '0.92223', '0.38665', '0.00001', '-0.38665',
    '0.92223', '-0.00033', '-0.00014', '0.00030', '1.00000']
  '006.6000': ['1.210', '0.029', '0.080', '0.94162', '0.33668', '0.00001', '-0.33668',
    '0.94162', '-0.00033', '-0.00012', '0.00031', '1.00000']
  '006.6667': ['1.432', '-0.074', '0.080', '0.94599', '0.32420', '-0.00001', '-0.32420',
    '0.94599', '-0.00048', '-0.00014', '0.00046', '1.00000']
  '006.7333': ['1.488', '-0.097', '0.080', '0.94518', '0.32655', '-0.00002', '-0.32655',
    '0.94518', '-0.00049', '-0.00014', '0.00047', '1.00000']
  '006.8000': ['1.537', '-0.116', '0.080', '0.94561', '0.32532', '-0.00003', '-0.32532',
    '0.94561', '-0.00049', '-0.00013', '0.00047', '1.00000']
  '006.8667': ['1.580', '-0.131', '0.080', '0.94649', '0.32274', '-0.00003', '-0.32274',
    '0.94649', '-0.00048', '-0.00013', '0.00046', '1.00000']
  '006.9333': ['1.618', '-0.145', '0.080', '0.94728', '0.32040', '-0.00002', '-0.32040',
    '0.94728', '-0.00047', '-0.00013', '0.00045', '1.00000']
  '007.0000': ['1.653', '-0.157', '0.080', '0.94790', '0.31856', '-0.00002', '-0.31856',
    '0.94790', '-0.00045', '-0.00012', '0.00044', '1.00000']
  '007.0667': ['1.685', '-0.168', '0.080', '0.96001', '0.27997', '-0.00001', '-0.27997',
    '0.96001', '-0.00044', '-0.00012', '0.00043', '1.00000']
  '007.1333': ['1.713', '-0.176', '0.080', '0.98402', '0.17804', '0.00001', '-0.17804',
    '0.98402', '-0.00044', '-0.00009', '0.00043', '1.00000']
  '007.2000': ['1.738', '-0.182', '0.080', '0.99724', '0.07420', '0.00001', '-0.07420',
    '0.99724', '-0.00044', '-0.00005', '0.00043', '1.00000']
  '007.2667': ['1.763', '-0.184', '0.080', '0.99999', '-0.00520', '0.00001', '0.00520',
    '0.99999', '-0.00044', '-0.00001', '0.00044', '1.00000']
  '007.3333': ['1.788', '-0.184', '0.080', '0.99999', '-0.00520', '0.00001', '0.00520',
    '0.99999', '-0.00044', '-0.00001', '0.00044', '1.00000']
  '007.4000': ['1.813', '-0.184', '0.080', '0.99563', '-0.09344', '0.00001', '0.09344',
    '0.99563', '-0.00044', '0.00003', '0.00044', '1.00000']
  '007.4667': ['1.838', '-0.183', '0.080', '0.98040', '-0.19700', '0.00001', '0.19700',
    '0.98040', '-0.00044', '0.00007', '0.00043', '1.00000']
  '007.5333': ['1.863', '-0.178', '0.080', '0.95444', '-0.29841', '0.00001', '0.29841',
    '0.95444', '-0.00044', '0.00012', '0.00042', '1.00000']
  '007.6000': ['1.887', '-0.171', '0.080', '0.94881', '-0.31585', '0.00001', '0.31585',
    '0.94881', '-0.00044', '0.00013', '0.00042', '1.00000']
  '007.6667': ['1.911', '-0.163', '0.080', '0.94881', '-0.31585', '0.00001', '0.31585',
    '0.94881', '-0.00044', '0.00013', '0.00042', '1.00000']
  '007.7333': ['1.935', '-0.155', '0.080', '0.94881', '-0.31585', '0.00001', '0.31585',
    '0.94881', '-0.00044', '0.00013', '0.00042', '1.00000']
  '007.8000': ['1.959', '-0.147', '0.080', '0.94881', '-0.31585', '0.00001', '0.31585',
    '0.94881', '-0.00044', '0.00013', '0.00042', '1.00000']
  '007.8667': ['1.983', '-0.138', '0.080', '0.95547', '-0.29508', '0.00001', '0.29508',
    '0.95547', '-0.00044', '0.00012', '0.00042', '1.00000']
  '007.9333': ['2.007', '-0.130', '0.080', '0.98108', '-0.19359', '0.00001', '0.19359',
    '0.98108', '-0.00044', '0.00007', '0.00043', '1.00000']
  '008.0000': ['2.031', '-0.126', '0.080', '0.98710', '-0.16011', '0.00001', '0.16011',
    '0.98710', '-0.00044', '0.00006', '0.00043', '1.00000']
  '008.0667': ['2.056', '-0.122', '0.080', '0.98710', '-0.16011', '0.00001', '0.16011',
    '0.98710', '-0.00044', '0.00006', '0.00043', '1.00000']
  '008.1333': ['2.081', '-0.118', '0.080', '0.98710', '-0.16011', '0.00001', '0.16011',
    '0.98710', '-0.00044', '0.00006', '0.00043', '1.00000']
  '008.2000': ['2.106', '-0.113', '0.080', '0.98710', '-0.16011', '0.00001', '0.16011',
    '0.98710', '-0.00044', '0.00006', '0.00043', '1.00000']
  '008.2667': ['2.131', '-0.109', '0.080', '0.98710', '-0.16011', '0.00001', '0.16011',
    '0.98710', '-0.00044', '0.00006', '0.00043', '1.00000']
  '008.3333': ['2.156', '-0.105', '0.080', '0.98710', '-0.16011', '0.00001', '0.16011',
    '0.98710', '-0.00044', '0.00006', '0.00043', '1.00000']
  '008.4000': ['2.181', '-0.101', '0.080', '0.98710', '-0.16011', '0.00001', '0.16011',
    '0.98710', '-0.00044', '0.00006', '0.00043', '1.00000']
  '008.4667': ['2.206', '-0.097', '0.080', '0.98710', '-0.16011', '0.00001', '0.16011',
    '0.98710', '-0.00044', '0.00006', '0.00043', '1.00000']
  '008.5333': ['2.231', '-0.093', '0.080', '0.98710', '-0.16011', '0.00001', '0.16011',
    '0.98710', '-0.00044', '0.00006', '0.00043', '1.00000']
  '008.6000': ['2.256', '-0.089', '0.080', '0.98710', '-0.16011', '0.00001', '0.16011',
    '0.98710', '-0.00044', '0.00006', '0.00043', '1.00000']
  '008.6667': ['2.280', '-0.085', '0.080', '0.98710', '-0.16011', '0.00001', '0.16011',
    '0.98710', '-0.00044', '0.00006', '0.00043', '1.00000']
  '008.7333': ['2.305', '-0.081', '0.080', '0.98710', '-0.16011', '0.00001', '0.16011',
    '0.98710', '-0.00044', '0.00006', '0.00043', '1.00000']
  '008.8000': ['2.330', '-0.078', '0.080', '0.97796', '-0.20881', '0.00001', '0.20881',
    '0.97796', '-0.00044', '0.00008', '0.00043', '1.00000']
  '008.8667': ['2.355', '-0.073', '0.080', '0.95077', '-0.30989', '0.00001', '0.30989',
    '0.95077', '-0.00044', '0.00012', '0.00042', '1.00000']
