begin_time_stamp: 1574103214.1999977
data_header:
  time_stamp: [x, y, z, R11, R12, R13, R21, R22, R23, R31, R32, R33]
trajectory_data:
  '000.0000': ['1.891', '2.271', '0.080', '-0.99833', '0.05784', '-0.00012', '-0.05784',
    '-0.99833', '0.00018', '-0.00010', '0.00019', '1.00000']
  '000.0667': ['1.871', '2.273', '0.080', '-0.98531', '0.17077', '-0.00014', '-0.17077',
    '-0.98531', '0.00017', '-0.00010', '0.00019', '1.00000']
  '000.1333': ['1.857', '2.271', '0.080', '-0.95635', '0.29224', '-0.00010', '-0.29224',
    '-0.95635', '0.00003', '-0.00009', '0.00006', '1.00000']
  '000.2000': ['1.849', '2.270', '0.080', '-0.90877', '0.41729', '-0.00008', '-0.41729',
    '-0.90877', '-0.00001', '-0.00008', '0.00003', '1.00000']
  '000.2667': ['1.846', '2.267', '0.080', '-0.84174', '0.53988', '-0.00009', '-0.53988',
    '-0.84174', '-0.00004', '-0.00010', '0.00001', '1.00000']
  '000.3333': ['1.845', '2.266', '0.080', '-0.79537', '0.60613', '-0.00008', '-0.60613',
    '-0.79537', '-0.00007', '-0.00011', '-0.00000', '1.00000']
  '000.4000': ['1.849', '2.267', '0.080', '-0.77361', '0.63367', '-0.00008', '-0.63367',
    '-0.77361', '-0.00009', '-0.00011', '-0.00002', '1.00000']
  '000.4667': ['1.852', '2.268', '0.080', '-0.75483', '0.65592', '-0.00007', '-0.65592',
    '-0.75483', '-0.00009', '-0.00011', '-0.00002', '1.00000']
  '000.5333': ['1.849', '2.265', '0.080', '-0.74020', '0.67239', '-0.00007', '-0.67239',
    '-0.74020', '-0.00009', '-0.00011', '-0.00002', '1.00000']
  '000.6000': ['1.846', '2.262', '0.080', '-0.72963', '0.68384', '-0.00007', '-0.68384',
    '-0.72963', '-0.00008', '-0.00011', '-0.00001', '1.00000']
  '000.6667': ['1.842', '2.257', '0.080', '-0.72318', '0.69066', '-0.00008', '-0.69066',
    '-0.72318', '-0.00009', '-0.00012', '-0.00001', '1.00000']
  '000.7333': ['1.833', '2.247', '0.080', '-0.72026', '0.69370', '-0.00010', '-0.69370',
    '-0.72026', '-0.00010', '-0.00014', '-0.00000', '1.00000']
  '000.8000': ['1.820', '2.233', '0.080', '-0.71935', '0.69464', '-0.00013', '-0.69464',
    '-0.71935', '-0.00010', '-0.00016', '0.00002', '1.00000']
  '000.8667': ['1.805', '2.218', '0.080', '-0.72050', '0.69346', '-0.00015', '-0.69346',
    '-0.72050', '-0.00011', '-0.00019', '0.00003', '1.00000']
  '000.9333': ['1.786', '2.201', '0.080', '-0.72119', '0.69274', '-0.00016', '-0.69274',
    '-0.72119', '-0.00011', '-0.00019', '0.00003', '1.00000']
  '001.0000': ['1.769', '2.187', '0.080', '-0.78794', '0.61575', '-0.00020', '-0.61575',
    '-0.78794', '-0.00009', '-0.00021', '0.00005', '1.00000']
  '001.0667': ['1.753', '2.175', '0.080', '-0.85132', '0.52464', '-0.00019', '-0.52464',
    '-0.85132', '-0.00010', '-0.00021', '0.00001', '1.00000']
  '001.1333': ['1.740', '2.167', '0.080', '-0.90760', '0.41984', '-0.00018', '-0.41984',
    '-0.90760', '-0.00009', '-0.00020', '-0.00001', '1.00000']
  '001.2000': ['1.731', '2.162', '0.080', '-0.95401', '0.29977', '-0.00015', '-0.29977',
    '-0.95401', '-0.00007', '-0.00017', '-0.00002', '1.00000']
  '001.2667': ['1.726', '2.160', '0.080', '-0.98595', '0.16701', '-0.00015', '-0.16701',
    '-0.98595', '-0.00004', '-0.00015', '-0.00002', '1.00000']
  '001.3333': ['1.725', '2.160', '0.080', '-0.99968', '0.02525', '-0.00014', '-0.02525',
    '-0.99968', '-0.00001', '-0.00014', '-0.00001', '1.00000']
  '001.4000': ['1.726', '2.162', '0.080', '-0.99906', '-0.04339', '-0.00012', '0.04339',
    '-0.99906', '0.00004', '-0.00012', '0.00004', '1.00000']
  '001.4667': ['1.727', '2.163', '0.080', '-0.99628', '-0.08614', '-0.00010', '0.08614',
    '-0.99628', '0.00008', '-0.00010', '0.00007', '1.00000']
  '001.5333': ['1.723', '2.164', '0.080', '-0.99219', '-0.12476', '-0.00009', '0.12476',
    '-0.99219', '0.00008', '-0.00010', '0.00007', '1.00000']
  '001.6000': ['1.719', '2.166', '0.080', '-0.98755', '-0.15732', '-0.00007', '0.15732',
    '-0.98755', '0.00009', '-0.00008', '0.00007', '1.00000']
  '001.6667': ['1.709', '2.169', '0.080', '-0.98510', '-0.17197', '-0.00007', '0.17197',
    '-0.98510', '0.00008', '-0.00009', '0.00006', '1.00000']
  '001.7333': ['1.696', '2.172', '0.080', '-0.99570', '-0.09266', '-0.00009', '0.09266',
    '-0.99570', '0.00005', '-0.00009', '0.00004', '1.00000']
  '001.8000': ['1.679', '2.174', '0.080', '-0.99716', '-0.07534', '-0.00014', '0.07534',
    '-0.99716', '0.00006', '-0.00014', '0.00005', '1.00000']
  '001.8667': ['1.660', '2.177', '0.080', '-0.99614', '-0.08778', '-0.00017', '0.08778',
    '-0.99614', '0.00008', '-0.00018', '0.00006', '1.00000']
  '001.9333': ['1.638', '2.180', '0.080', '-0.99534', '-0.09644', '-0.00023', '0.09644',
    '-0.99534', '0.00013', '-0.00024', '0.00011', '1.00000']
  '002.0000': ['1.616', '2.181', '0.080', '-0.99440', '-0.10570', '-0.00027', '0.10570',
    '-0.99440', '0.00016', '-0.00028', '0.00013', '1.00000']
  '002.0667': ['1.592', '2.183', '0.080', '-0.99313', '-0.11702', '-0.00030', '0.11702',
    '-0.99313', '0.00014', '-0.00031', '0.00010', '1.00000']
  '002.1333': ['1.567', '2.186', '0.080', '-0.99130', '-0.13164', '-0.00030', '0.13164',
    '-0.99130', '0.00015', '-0.00032', '0.00011', '1.00000']
  '002.2000': ['1.543', '2.189', '0.080', '-0.99751', '-0.07059', '-0.00033', '0.07059',
    '-0.99751', '0.00015', '-0.00034', '0.00012', '1.00000']
  '002.2667': ['1.519', '2.190', '0.080', '-0.99993', '-0.01165', '-0.00034', '0.01165',
    '-0.99993', '0.00017', '-0.00034', '0.00016', '1.00000']
  '002.3333': ['1.497', '2.190', '0.080', '-0.99961', '-0.02785', '-0.00024', '0.02785',
    '-0.99961', '0.00024', '-0.00025', '0.00023', '1.00000']
  '002.4000': ['1.469', '2.191', '0.080', '-0.99917', '-0.04068', '-0.00026', '0.04068',
    '-0.99917', '0.00023', '-0.00026', '0.00022', '1.00000']
  '002.4667': ['1.445', '2.192', '0.080', '-0.99863', '-0.05241', '-0.00027', '0.05241',
    '-0.99863', '0.00024', '-0.00028', '0.00023', '1.00000']
  '002.5333': ['1.419', '2.193', '0.080', '-0.99780', '-0.06625', '-0.00027', '0.06625',
    '-0.99780', '0.00025', '-0.00028', '0.00023', '1.00000']
  '002.6000': ['1.392', '2.195', '0.080', '-0.99660', '-0.08244', '-0.00028', '0.08244',
    '-0.99660', '0.00024', '-0.00030', '0.00021', '1.00000']
  '002.6667': ['1.366', '2.199', '0.080', '-0.99527', '-0.09712', '-0.00031', '0.09712',
    '-0.99527', '0.00026', '-0.00033', '0.00023', '1.00000']
  '002.7333': ['1.340', '2.202', '0.080', '-0.99964', '-0.02668', '-0.00032', '0.02668',
    '-0.99964', '0.00026', '-0.00033', '0.00025', '1.00000']
  '002.8000': ['1.311', '2.204', '0.080', '-0.99979', '0.02050', '-0.00033', '-0.02050',
    '-0.99979', '0.00025', '-0.00032', '0.00026', '1.00000']
  '002.8667': ['1.286', '2.204', '0.080', '-0.99996', '0.00923', '-0.00032', '-0.00923',
    '-0.99996', '0.00025', '-0.00031', '0.00025', '1.00000']
  '002.9333': ['1.262', '2.204', '0.080', '-1.00000', '-0.00003', '-0.00032', '0.00003',
    '-1.00000', '0.00023', '-0.00032', '0.00023', '1.00000']
  '003.0000': ['1.240', '2.203', '0.080', '-0.99993', '-0.01187', '-0.00033', '0.01187',
    '-0.99993', '0.00025', '-0.00033', '0.00025', '1.00000']
  '003.0667': ['1.224', '2.197', '0.080', '-0.99934', '-0.03621', '-0.00031', '0.03621',
    '-0.99934', '0.00038', '-0.00033', '0.00037', '1.00000']
  '003.1333': ['1.198', '2.197', '0.080', '-0.99792', '-0.06440', '-0.00038', '0.06440',
    '-0.99792', '0.00031', '-0.00040', '0.00029', '1.00000']
  '003.2000': ['1.173', '2.198', '0.080', '-0.99541', '-0.09574', '-0.00043', '0.09574',
    '-0.99541', '0.00029', '-0.00046', '0.00025', '1.00000']
  '003.2667': ['1.148', '2.200', '0.080', '-0.99145', '-0.13046', '-0.00044', '0.13046',
    '-0.99145', '0.00032', '-0.00048', '0.00026', '1.00000']
  '003.3333': ['1.118', '2.208', '0.080', '-0.99795', '-0.06397', '-0.00045', '0.06397',
    '-0.99795', '0.00021', '-0.00047', '0.00018', '1.00000']
  '003.4000': ['1.092', '2.210', '0.080', '-0.99998', '0.00574', '-0.00046', '-0.00574',
    '-0.99998', '0.00019', '-0.00045', '0.00019', '1.00000']
  '003.4667': ['1.066', '2.212', '0.080', '-0.99688', '0.07888', '-0.00046', '-0.07888',
    '-0.99688', '0.00015', '-0.00044', '0.00019', '1.00000']
  '003.5333': ['1.039', '2.212', '0.080', '-0.99087', '0.13481', '-0.00049', '-0.13481',
    '-0.99087', '0.00017', '-0.00047', '0.00024', '1.00000']
  '003.6000': ['1.011', '2.212', '0.080', '-0.99215', '0.12506', '-0.00050', '-0.12506',
    '-0.99215', '0.00019', '-0.00047', '0.00025', '1.00000']
  '003.6667': ['0.982', '2.219', '0.080', '-0.99064', '0.13652', '-0.00045', '-0.13652',
    '-0.99064', '0.00017', '-0.00042', '0.00023', '1.00000']
  '003.7333': ['0.958', '2.219', '0.080', '-0.98824', '0.15294', '-0.00043', '-0.15294',
    '-0.98824', '0.00017', '-0.00040', '0.00023', '1.00000']
  '003.8000': ['0.935', '2.217', '0.080', '-0.98514', '0.17174', '-0.00045', '-0.17174',
    '-0.98514', '0.00017', '-0.00042', '0.00024', '1.00000']
  '003.8667': ['0.913', '2.214', '0.080', '-0.98130', '0.19248', '-0.00048', '-0.19248',
    '-0.98130', '0.00016', '-0.00044', '0.00025', '1.00000']
  '003.9333': ['0.889', '2.210', '0.080', '-0.97679', '0.21418', '-0.00053', '-0.21418',
    '-0.97679', '0.00013', '-0.00049', '0.00024', '1.00000']
  '004.0000': ['0.868', '2.202', '0.080', '-0.97276', '0.23180', '-0.00057', '-0.23180',
    '-0.97276', '0.00010', '-0.00053', '0.00023', '1.00000']
  '004.0667': ['0.864', '2.184', '0.080', '-0.97464', '0.22379', '-0.00039', '-0.22379',
    '-0.97464', '-0.00008', '-0.00040', '0.00001', '1.00000']
  '004.1333': ['0.845', '2.175', '0.080', '-0.97777', '0.20966', '-0.00036', '-0.20966',
    '-0.97777', '-0.00012', '-0.00037', '-0.00004', '1.00000']
  '004.2000': ['0.821', '2.170', '0.080', '-0.98828', '0.15267', '-0.00033', '-0.15267',
    '-0.98828', '-0.00012', '-0.00035', '-0.00006', '1.00000']
  '004.2667': ['0.794', '2.166', '0.080', '-0.99929', '0.03780', '-0.00031', '-0.03780',
    '-0.99929', '-0.00008', '-0.00032', '-0.00007', '1.00000']
  '004.3333': ['0.764', '2.166', '0.080', '-1.00000', '-0.00066', '-0.00037', '0.00066',
    '-1.00000', '0.00008', '-0.00037', '0.00008', '1.00000']
  '004.4000': ['0.740', '2.166', '0.080', '-0.99982', '-0.01877', '-0.00040', '0.01877',
    '-0.99982', '0.00008', '-0.00040', '0.00007', '1.00000']
  '004.4667': ['0.714', '2.166', '0.080', '-0.99918', '-0.04051', '-0.00041', '0.04051',
    '-0.99918', '0.00007', '-0.00041', '0.00006', '1.00000']
  '004.5333': ['0.687', '2.168', '0.080', '-0.99798', '-0.06358', '-0.00041', '0.06358',
    '-0.99798', '0.00006', '-0.00041', '0.00004', '1.00000']
  '004.6000': ['0.660', '2.171', '0.080', '-0.99644', '-0.08430', '-0.00042', '0.08430',
    '-0.99644', '0.00003', '-0.00042', '-0.00001', '1.00000']
  '004.6667': ['0.630', '2.176', '0.080', '-0.99480', '-0.10181', '-0.00046', '0.10181',
    '-0.99480', '0.00000', '-0.00046', '-0.00004', '1.00000']
  '004.7333': ['0.606', '2.179', '0.080', '-0.99285', '-0.11939', '-0.00050', '0.11939',
    '-0.99285', '-0.00001', '-0.00049', '-0.00007', '1.00000']
  '004.8000': ['0.584', '2.181', '0.080', '-0.99245', '-0.12264', '-0.00055', '0.12264',
    '-0.99245', '-0.00002', '-0.00054', '-0.00009', '1.00000']
  '004.8667': ['0.560', '2.184', '0.080', '-0.99912', '-0.04195', '-0.00056', '0.04195',
    '-0.99912', '-0.00007', '-0.00055', '-0.00010', '1.00000']
  '004.9333': ['0.536', '2.187', '0.080', '-0.99904', '0.04370', '-0.00052', '-0.04370',
    '-0.99904', '-0.00009', '-0.00052', '-0.00007', '1.00000']
  '005.0000': ['0.513', '2.186', '0.080', '-0.99415', '0.10801', '-0.00049', '-0.10801',
    '-0.99415', '-0.00009', '-0.00050', '-0.00004', '1.00000']
  '005.0667': ['0.494', '2.178', '0.080', '-0.99582', '0.09128', '-0.00042', '-0.09128',
    '-0.99582', '-0.00002', '-0.00042', '0.00002', '1.00000']
  '005.1333': ['0.468', '2.174', '0.080', '-0.99723', '0.07435', '-0.00045', '-0.07435',
    '-0.99723', '-0.00004', '-0.00045', '-0.00000', '1.00000']
  '005.2000': ['0.445', '2.171', '0.080', '-0.99681', '0.07979', '-0.00050', '-0.07979',
    '-0.99681', '-0.00005', '-0.00050', '-0.00001', '1.00000']
  '005.2667': ['0.422', '2.169', '0.080', '-0.98727', '0.15906', '-0.00050', '-0.15906',
    '-0.98727', '-0.00008', '-0.00051', '0.00000', '1.00000']
  '005.3333': ['0.398', '2.164', '0.080', '-0.97162', '0.23655', '-0.00052', '-0.23655',
    '-0.97162', '-0.00010', '-0.00053', '0.00002', '1.00000']
  '005.4000': ['0.375', '2.160', '0.080', '-0.94883', '0.31578', '-0.00053', '-0.31578',
    '-0.94883', '-0.00012', '-0.00054', '0.00005', '1.00000']
  '005.4667': ['0.353', '2.153', '0.080', '-0.91815', '0.39624', '-0.00055', '-0.39624',
    '-0.91815', '-0.00015', '-0.00056', '0.00008', '1.00000']
  '005.5333': ['0.333', '2.144', '0.080', '-0.87947', '0.47595', '-0.00061', '-0.47595',
    '-0.87947', '-0.00016', '-0.00061', '0.00014', '1.00000']
  '005.6000': ['0.310', '2.131', '0.080', '-0.83191', '0.55491', '-0.00063', '-0.55491',
    '-0.83191', '-0.00019', '-0.00062', '0.00019', '1.00000']
  '005.6667': ['0.288', '2.117', '0.080', '-0.77506', '0.63189', '-0.00066', '-0.63189',
    '-0.77506', '-0.00021', '-0.00064', '0.00025', '1.00000']
  '005.7333': ['0.269', '2.100', '0.080', '-0.70998', '0.70422', '-0.00074', '-0.70422',
    '-0.70998', '-0.00023', '-0.00068', '0.00036', '1.00000']
  '005.8000': ['0.251', '2.082', '0.080', '-0.63659', '0.77120', '-0.00083', '-0.77120',
    '-0.63659', '-0.00025', '-0.00072', '0.00048', '1.00000']
  '005.8667': ['0.237', '2.065', '0.080', '-0.55543', '0.83156', '-0.00085', '-0.83156',
    '-0.55543', '-0.00027', '-0.00069', '0.00056', '1.00000']
  '005.9333': ['0.224', '2.045', '0.080', '-0.46581', '0.88489', '-0.00086', '-0.88489',
    '-0.46581', '-0.00029', '-0.00065', '0.00063', '1.00000']
  '006.0000': ['0.213', '2.023', '0.080', '-0.36840', '0.92967', '-0.00094', '-0.92967',
    '-0.36840', '-0.00032', '-0.00065', '0.00075', '1.00000']
  '006.0667': ['0.202', '2.001', '0.080', '-0.26126', '0.96527', '-0.00087', '-0.96527',
    '-0.26126', '-0.00035', '-0.00057', '0.00075', '1.00000']
  '006.1333': ['0.196', '1.979', '0.080', '-0.14723', '0.98910', '-0.00086', '-0.98910',
    '-0.14723', '-0.00036', '-0.00048', '0.00080', '1.00000']
  '006.2000': ['0.194', '1.958', '0.080', '-0.04935', '0.99878', '-0.00081', '-0.99878',
    '-0.04935', '-0.00035', '-0.00039', '0.00079', '1.00000']
  '006.2667': ['0.200', '1.942', '0.080', '-0.04423', '0.99902', '-0.00047', '-0.99902',
    '-0.04423', '-0.00004', '-0.00006', '0.00047', '1.00000']
  '006.3333': ['0.200', '1.922', '0.080', '-0.03992', '0.99920', '-0.00046', '-0.99920',
    '-0.03992', '-0.00004', '-0.00005', '0.00045', '1.00000']
  '006.4000': ['0.200', '1.900', '0.080', '-0.03653', '0.99933', '-0.00045', '-0.99933',
    '-0.03653', '-0.00005', '-0.00007', '0.00045', '1.00000']
  '006.4667': ['0.200', '1.875', '0.080', '-0.03460', '0.99940', '-0.00044', '-0.99940',
    '-0.03460', '-0.00004', '-0.00006', '0.00043', '1.00000']
  '006.5333': ['0.201', '1.851', '0.080', '-0.03641', '0.99934', '-0.00042', '-0.99934',
    '-0.03641', '-0.00005', '-0.00007', '0.00042', '1.00000']
  '006.6000': ['0.201', '1.828', '0.080', '-0.04250', '0.99910', '-0.00044', '-0.99910',
    '-0.04250', '-0.00004', '-0.00006', '0.00044', '1.00000']
  '006.6667': ['0.202', '1.804', '0.080', '-0.05348', '0.99857', '-0.00045', '-0.99857',
    '-0.05348', '-0.00002', '-0.00004', '0.00045', '1.00000']
  '006.7333': ['0.202', '1.782', '0.080', '-0.00241', '1.00000', '-0.00047', '-1.00000',
    '-0.00241', '0.00003', '0.00003', '0.00047', '1.00000']
  '006.8000': ['0.203', '1.769', '0.080', '0.07694', '0.99704', '-0.00069', '-0.99704',
    '0.07694', '0.00026', '0.00032', '0.00067', '1.00000']
  '006.8667': ['0.205', '1.749', '0.080', '0.05845', '0.99829', '-0.00078', '-0.99829',
    '0.05845', '0.00035', '0.00039', '0.00076', '1.00000']
  '006.9333': ['0.206', '1.724', '0.080', '0.04276', '0.99909', '-0.00080', '-0.99909',
    '0.04276', '0.00041', '0.00044', '0.00078', '1.00000']
  '007.0000': ['0.207', '1.700', '0.080', '0.02777', '0.99961', '-0.00084', '-0.99961',
    '0.02777', '0.00049', '0.00051', '0.00082', '1.00000']
  '007.0667': ['0.208', '1.675', '0.080', '0.01320', '0.99991', '-0.00084', '-0.99991',
    '0.01320', '0.00050', '0.00051', '0.00084', '1.00000']
  '007.1333': ['0.208', '1.649', '0.080', '-0.00059', '1.00000', '-0.00088', '-1.00000',
    '-0.00059', '0.00049', '0.00049', '0.00088', '1.00000']
  '007.2000': ['0.207', '1.622', '0.080', '-0.01229', '0.99992', '-0.00088', '-0.99992',
    '-0.01229', '0.00051', '0.00050', '0.00089', '1.00000']
  '007.2667': ['0.207', '1.595', '0.080', '-0.12163', '0.99258', '-0.00088', '-0.99258',
    '-0.12163', '0.00053', '0.00042', '0.00094', '1.00000']
  '007.3333': ['0.202', '1.565', '0.080', '-0.23157', '0.97282', '-0.00081', '-0.97282',
    '-0.23157', '0.00053', '0.00033', '0.00091', '1.00000']
  '007.4000': ['0.190', '1.530', '0.080', '-0.33260', '0.94307', '-0.00049', '-0.94307',
    '-0.33260', '0.00049', '0.00030', '0.00063', '1.00000']
  '007.4667': ['0.180', '1.501', '0.080', '-0.43407', '0.90088', '-0.00047', '-0.90088',
    '-0.43407', '0.00049', '0.00024', '0.00063', '1.00000']
  '007.5333': ['0.171', '1.475', '0.080', '-0.49734', '0.86756', '-0.00046', '-0.86756',
    '-0.49734', '0.00046', '0.00017', '0.00063', '1.00000']
  '007.6000': ['0.159', '1.451', '0.080', '-0.51793', '0.85542', '-0.00047', '-0.85542',
    '-0.51793', '0.00041', '0.00011', '0.00061', '1.00000']
  '007.6667': ['0.147', '1.429', '0.080', '-0.45223', '0.89190', '-0.00053', '-0.89190',
    '-0.45223', '0.00037', '0.00009', '0.00063', '1.00000']
  '007.7333': ['0.132', '1.403', '0.080', '-0.38308', '0.92372', '-0.00053', '-0.92372',
    '-0.38308', '0.00031', '0.00009', '0.00061', '1.00000']
  '007.8000': ['0.118', '1.373', '0.080', '-0.30805', '0.95137', '-0.00052', '-0.95137',
    '-0.30805', '0.00023', '0.00006', '0.00057', '1.00000']
  '007.8667': ['0.101', '1.326', '0.080', '-0.22348', '0.97471', '-0.00014', '-0.97471',
    '-0.22348', '0.00024', '0.00020', '0.00019', '1.00000']
  '007.9333': ['0.091', '1.294', '0.080', '-0.13496', '0.99085', '-0.00008', '-0.99085',
    '-0.13496', '0.00021', '0.00020', '0.00011', '1.00000']
  '008.0000': ['0.089', '1.289', '0.080', '-0.04481', '0.99900', '-0.00010', '-0.99900',
    '-0.04481', '0.00015', '0.00015', '0.00011', '1.00000']
  '008.0667': ['0.085', '1.278', '0.080', '0.05044', '0.99873', '-0.00030', '-0.99873',
    '0.05044', '-0.00001', '0.00001', '0.00030', '1.00000']
  '008.1333': ['0.085', '1.234', '0.080', '0.12697', '0.99191', '-0.00006', '-0.99191',
    '0.12697', '0.00013', '0.00013', '0.00004', '1.00000']
  '008.2000': ['0.088', '1.199', '0.080', '0.12797', '0.99178', '-0.00000', '-0.99178',
    '0.12797', '0.00014', '0.00014', '-0.00002', '1.00000']
  '008.2667': ['0.092', '1.170', '0.080', '0.12875', '0.99168', '0.00002', '-0.99168',
    '0.12875', '0.00014', '0.00014', '-0.00003', '1.00000']
  '008.3333': ['0.095', '1.145', '0.080', '0.12875', '0.99168', '0.00002', '-0.99168',
    '0.12875', '0.00014', '0.00014', '-0.00003', '1.00000']
  '008.4000': ['0.098', '1.120', '0.080', '0.12875', '0.99168', '0.00002', '-0.99168',
    '0.12875', '0.00014', '0.00014', '-0.00003', '1.00000']
  '008.4667': ['0.102', '1.095', '0.080', '0.04505', '0.99898', '0.00002', '-0.99898',
    '0.04505', '0.00014', '0.00014', '-0.00002', '1.00000']
  '008.5333': ['0.103', '1.070', '0.080', '-0.02764', '0.99962', '0.00002', '-0.99962',
    '-0.02764', '0.00014', '0.00014', '-0.00001', '1.00000']
  '008.6000': ['0.103', '1.045', '0.080', '-0.02764', '0.99962', '0.00002', '-0.99962',
    '-0.02764', '0.00014', '0.00014', '-0.00001', '1.00000']
  '008.6667': ['0.103', '1.019', '0.080', '-0.11457', '0.99341', '0.00002', '-0.99341',
    '-0.11457', '0.00014', '0.00014', '0.00000', '1.00000']
  '008.7333': ['0.100', '0.994', '0.080', '-0.19273', '0.98125', '0.00002', '-0.98125',
    '-0.19273', '0.00014', '0.00014', '0.00001', '1.00000']
  '008.8000': ['0.095', '0.970', '0.080', '-0.19273', '0.98125', '0.00002', '-0.98125',
    '-0.19273', '0.00014', '0.00014', '0.00001', '1.00000']
  '008.8667': ['0.095', '0.965', '0.080', '-0.10958', '0.99398', '0.00002', '-0.99398',
    '-0.10958', '0.00014', '0.00014', '-0.00000', '1.00000']
  '008.9333': ['0.095', '0.965', '0.080', '-0.00508', '0.99999', '0.00002', '-0.99999',
    '-0.00508', '0.00014', '0.00014', '-0.00001', '1.00000']
  '009.0000': ['0.095', '0.965', '0.080', '0.09948', '0.99504', '0.00002', '-0.99504',
    '0.09948', '0.00014', '0.00014', '-0.00003', '1.00000']
  '009.0667': ['0.097', '0.946', '0.080', '0.12579', '0.99206', '0.00002', '-0.99206',
    '0.12579', '0.00014', '0.00014', '-0.00003', '1.00000']
  '009.1333': ['0.100', '0.921', '0.080', '0.12579', '0.99206', '0.00002', '-0.99206',
    '0.12579', '0.00014', '0.00014', '-0.00003', '1.00000']
  '009.2000': ['0.103', '0.896', '0.080', '0.12579', '0.99206', '0.00002', '-0.99206',
    '0.12579', '0.00014', '0.00014', '-0.00003', '1.00000']
  '009.2667': ['0.106', '0.871', '0.080', '0.12579', '0.99206', '0.00002', '-0.99206',
    '0.12579', '0.00014', '0.00014', '-0.00003', '1.00000']
  '009.3333': ['0.110', '0.846', '0.080', '0.12579', '0.99206', '0.00002', '-0.99206',
    '0.12579', '0.00014', '0.00014', '-0.00003', '1.00000']
  '009.4000': ['0.113', '0.821', '0.080', '0.12579', '0.99206', '0.00002', '-0.99206',
    '0.12579', '0.00014', '0.00014', '-0.00003', '1.00000']
  '009.4667': ['0.116', '0.796', '0.080', '0.12579', '0.99206', '0.00002', '-0.99206',
    '0.12579', '0.00014', '0.00014', '-0.00003', '1.00000']
  '009.5333': ['0.119', '0.771', '0.080', '0.12579', '0.99206', '0.00002', '-0.99206',
    '0.12579', '0.00014', '0.00014', '-0.00003', '1.00000']
  '009.6000': ['0.122', '0.746', '0.080', '0.12579', '0.99206', '0.00002', '-0.99206',
    '0.12579', '0.00014', '0.00014', '-0.00003', '1.00000']
  '009.6667': ['0.125', '0.721', '0.080', '0.15067', '0.98858', '0.00002', '-0.98858',
    '0.15067', '0.00014', '0.00013', '-0.00004', '1.00000']
  '009.7333': ['0.128', '0.696', '0.080', '0.25319', '0.96742', '0.00002', '-0.96742',
    '0.25319', '0.00014', '0.00013', '-0.00005', '1.00000']
