begin_time_stamp: 1574103184.3333306
data_header:
  time_stamp: [x, y, z, R11, R12, R13, R21, R22, R23, R31, R32, R33]
trajectory_data:
  '000.0000': ['2.664', '3.165', '0.080', '-0.48641', '-0.87373', '0.00027', '0.87373',
    '-0.48641', '0.00043', '-0.00025', '0.00045', '1.00000']
  '000.0667': ['2.651', '3.187', '0.080', '-0.56962', '-0.82191', '0.00025', '0.82191',
    '-0.56962', '0.00046', '-0.00024', '0.00046', '1.00000']
  '000.1333': ['2.637', '3.206', '0.080', '-0.63307', '-0.77409', '0.00025', '0.77409',
    '-0.63307', '0.00047', '-0.00021', '0.00049', '1.00000']
  '000.2000': ['2.622', '3.222', '0.080', '-0.62358', '-0.78176', '0.00027', '0.78176',
    '-0.62358', '0.00049', '-0.00022', '0.00051', '1.00000']
  '000.2667': ['2.607', '3.238', '0.080', '-0.61027', '-0.79220', '0.00028', '0.79220',
    '-0.61027', '0.00049', '-0.00022', '0.00052', '1.00000']
  '000.3333': ['2.596', '3.253', '0.080', '-0.59920', '-0.80060', '0.00027', '0.80060',
    '-0.59920', '0.00045', '-0.00020', '0.00048', '1.00000']
  '000.4000': ['2.597', '3.259', '0.080', '-0.66633', '-0.74566', '0.00024', '0.74566',
    '-0.66633', '0.00040', '-0.00013', '0.00045', '1.00000']
  '000.4667': ['2.590', '3.270', '0.080', '-0.72889', '-0.68463', '0.00024', '0.68463',
    '-0.72889', '0.00040', '-0.00010', '0.00046', '1.00000']
  '000.5333': ['2.577', '3.282', '0.080', '-0.78585', '-0.61842', '0.00024', '0.61842',
    '-0.78585', '0.00041', '-0.00006', '0.00047', '1.00000']
  '000.6000': ['2.562', '3.295', '0.080', '-0.83707', '-0.54710', '0.00023', '0.54710',
    '-0.83707', '0.00040', '-0.00002', '0.00046', '1.00000']
  '000.6667': ['2.544', '3.307', '0.080', '-0.88284', '-0.46967', '0.00023', '0.46967',
    '-0.88284', '0.00040', '0.00001', '0.00046', '1.00000']
  '000.7333': ['2.525', '3.319', '0.080', '-0.92290', '-0.38503', '0.00023', '0.38503',
    '-0.92290', '0.00041', '0.00005', '0.00047', '1.00000']
  '000.8000': ['2.504', '3.330', '0.080', '-0.95603', '-0.29327', '0.00024', '0.29327',
    '-0.95603', '0.00042', '0.00011', '0.00047', '1.00000']
  '000.8667': ['2.483', '3.337', '0.080', '-0.97008', '-0.24279', '0.00025', '0.24279',
    '-0.97008', '0.00040', '0.00015', '0.00045', '1.00000']
  '000.9333': ['2.462', '3.343', '0.080', '-0.96983', '-0.24377', '0.00026', '0.24377',
    '-0.96983', '0.00038', '0.00016', '0.00044', '1.00000']
  '001.0000': ['2.440', '3.348', '0.080', '-0.96964', '-0.24454', '0.00028', '0.24454',
    '-0.96964', '0.00039', '0.00017', '0.00045', '1.00000']
  '001.0667': ['2.419', '3.353', '0.080', '-0.96902', '-0.24696', '0.00028', '0.24696',
    '-0.96902', '0.00040', '0.00017', '0.00046', '1.00000']
  '001.1333': ['2.397', '3.358', '0.080', '-0.96780', '-0.25171', '0.00031', '0.25171',
    '-0.96780', '0.00040', '0.00020', '0.00047', '1.00000']
  '001.2000': ['2.374', '3.362', '0.080', '-0.96573', '-0.25954', '0.00034', '0.25954',
    '-0.96573', '0.00041', '0.00022', '0.00049', '1.00000']
  '001.2667': ['2.353', '3.368', '0.080', '-0.97705', '-0.21299', '0.00035', '0.21299',
    '-0.97705', '0.00043', '0.00025', '0.00050', '1.00000']
  '001.3333': ['2.331', '3.373', '0.080', '-0.99144', '-0.13056', '0.00036', '0.13056',
    '-0.99144', '0.00047', '0.00030', '0.00051', '1.00000']
  '001.4000': ['2.311', '3.376', '0.080', '-0.99024', '-0.13937', '0.00038', '0.13937',
    '-0.99024', '0.00048', '0.00031', '0.00053', '1.00000']
  '001.4667': ['2.292', '3.379', '0.080', '-0.98917', '-0.14678', '0.00037', '0.14678',
    '-0.98917', '0.00048', '0.00030', '0.00052', '1.00000']
  '001.5333': ['2.271', '3.382', '0.080', '-0.98819', '-0.15324', '0.00039', '0.15324',
    '-0.98819', '0.00049', '0.00031', '0.00054', '1.00000']
  '001.6000': ['2.250', '3.386', '0.080', '-0.98729', '-0.15895', '0.00041', '0.15895',
    '-0.98729', '0.00051', '0.00032', '0.00057', '1.00000']
  '001.6667': ['2.228', '3.390', '0.080', '-0.98643', '-0.16418', '0.00040', '0.16418',
    '-0.98643', '0.00055', '0.00030', '0.00061', '1.00000']
  '001.7333': ['2.211', '3.394', '0.080', '-0.98580', '-0.16793', '0.00042', '0.16793',
    '-0.98580', '0.00059', '0.00032', '0.00065', '1.00000']
  '001.8000': ['2.201', '3.400', '0.080', '-0.98631', '-0.16488', '0.00058', '0.16488',
    '-0.98631', '0.00093', '0.00042', '0.00101', '1.00000']
  '001.8667': ['2.182', '3.405', '0.080', '-0.98740', '-0.15822', '0.00059', '0.15822',
    '-0.98740', '0.00099', '0.00043', '0.00108', '1.00000']
  '001.9333': ['2.155', '3.410', '0.080', '-0.98879', '-0.14928', '0.00048', '0.14928',
    '-0.98879', '0.00094', '0.00033', '0.00100', '1.00000']
  '002.0000': ['2.127', '3.412', '0.080', '-0.98963', '-0.14363', '0.00037', '0.14363',
    '-0.98963', '0.00091', '0.00023', '0.00095', '1.00000']
  '002.0667': ['2.088', '3.410', '0.080', '-0.99478', '-0.10208', '0.00045', '0.10208',
    '-0.99478', '0.00077', '0.00037', '0.00082', '1.00000']
  '002.1333': ['2.051', '3.411', '0.080', '-0.99987', '-0.01594', '0.00043', '0.01594',
    '-0.99987', '0.00079', '0.00041', '0.00080', '1.00000']
  '002.2000': ['2.008', '3.410', '0.080', '-0.99960', '-0.02817', '0.00035', '0.02817',
    '-0.99960', '0.00065', '0.00033', '0.00066', '1.00000']
  '002.2667': ['1.958', '3.410', '0.080', '-0.99903', '-0.04393', '-0.00065', '0.04393',
    '-0.99903', '-0.00014', '-0.00064', '-0.00017', '1.00000']
  '002.3333': ['1.921', '3.410', '0.080', '-0.99814', '-0.06093', '-0.00074', '0.06093',
    '-0.99814', '-0.00020', '-0.00072', '-0.00025', '1.00000']
  '002.4000': ['1.892', '3.410', '0.080', '-0.99654', '-0.08307', '0.00020', '0.08307',
    '-0.99654', '0.00055', '0.00015', '0.00056', '1.00000']
  '002.4667': ['1.866', '3.414', '0.080', '-0.99500', '-0.09983', '0.00023', '0.09983',
    '-0.99500', '0.00057', '0.00017', '0.00059', '1.00000']
  '002.5333': ['1.843', '3.420', '0.080', '-0.99412', '-0.10832', '0.00013', '0.10832',
    '-0.99412', '0.00048', '0.00008', '0.00050', '1.00000']
  '002.6000': ['1.823', '3.430', '0.080', '-0.99479', '-0.10190', '-0.00087', '0.10191',
    '-0.99479', '-0.00036', '-0.00082', '-0.00045', '1.00000']
  '002.6667': ['1.791', '3.427', '0.080', '-0.99402', '-0.10921', '0.00006', '0.10921',
    '-0.99402', '0.00046', '0.00001', '0.00046', '1.00000']
  '002.7333': ['1.763', '3.429', '0.080', '-0.99298', '-0.11827', '0.00010', '0.11827',
    '-0.99298', '0.00049', '0.00004', '0.00050', '1.00000']
  '002.8000': ['1.738', '3.431', '0.080', '-0.99144', '-0.13057', '0.00012', '0.13057',
    '-0.99144', '0.00050', '0.00005', '0.00051', '1.00000']
  '002.8667': ['1.714', '3.433', '0.080', '-0.98958', '-0.14398', '0.00014', '0.14398',
    '-0.98958', '0.00051', '0.00006', '0.00052', '1.00000']
  '002.9333': ['1.688', '3.434', '0.080', '-0.98676', '-0.16220', '0.00018', '0.16220',
    '-0.98676', '0.00052', '0.00010', '0.00054', '1.00000']
  '003.0000': ['1.666', '3.437', '0.080', '-0.98343', '-0.18130', '0.00018', '0.18130',
    '-0.98343', '0.00050', '0.00008', '0.00053', '1.00000']
  '003.0667': ['1.642', '3.441', '0.080', '-0.98483', '-0.17352', '0.00021', '0.17352',
    '-0.98483', '0.00052', '0.00012', '0.00055', '1.00000']
  '003.1333': ['1.619', '3.444', '0.080', '-0.99548', '-0.09499', '0.00020', '0.09499',
    '-0.99548', '0.00057', '0.00015', '0.00058', '1.00000']
  '003.2000': ['1.596', '3.447', '0.080', '-0.99993', '-0.01182', '0.00019', '0.01182',
    '-0.99993', '0.00059', '0.00018', '0.00059', '1.00000']
  '003.2667': ['1.571', '3.448', '0.080', '-0.99699', '0.07758', '0.00016', '-0.07757',
    '-0.99699', '0.00062', '0.00021', '0.00060', '1.00000']
  '003.3333': ['1.545', '3.446', '0.080', '-0.98525', '0.17112', '0.00012', '-0.17112',
    '-0.98525', '0.00063', '0.00023', '0.00060', '1.00000']
  '003.4000': ['1.518', '3.442', '0.080', '-0.96305', '0.26934', '0.00009', '-0.26934',
    '-0.96305', '0.00067', '0.00027', '0.00062', '1.00000']
  '003.4667': ['1.493', '3.436', '0.080', '-0.93681', '0.34984', '0.00006', '-0.34984',
    '-0.93681', '0.00068', '0.00030', '0.00062', '1.00000']
  '003.5333': ['1.466', '3.426', '0.080', '-0.93310', '0.35963', '0.00003', '-0.35963',
    '-0.93310', '0.00072', '0.00029', '0.00066', '1.00000']
  '003.6000': ['1.434', '3.413', '0.080', '-0.92852', '0.37129', '-0.00002', '-0.37129',
    '-0.92852', '0.00076', '0.00026', '0.00071', '1.00000']
  '003.6667': ['1.390', '3.393', '0.080', '-0.92474', '0.38060', '-0.00003', '-0.38060',
    '-0.92474', '0.00098', '0.00035', '0.00092', '1.00000']
  '003.7333': ['1.344', '3.379', '0.080', '-0.91636', '0.40034', '-0.00048', '-0.40034',
    '-0.91636', '0.00120', '0.00004', '0.00129', '1.00000']
  '003.8000': ['1.312', '3.367', '0.080', '-0.92977', '0.36814', '-0.00054', '-0.36814',
    '-0.92977', '0.00122', '-0.00005', '0.00133', '1.00000']
  '003.8667': ['1.284', '3.356', '0.080', '-0.95502', '0.29653', '-0.00053', '-0.29653',
    '-0.95502', '0.00126', '-0.00013', '0.00136', '1.00000']
  '003.9333': ['1.263', '3.348', '0.080', '-0.97518', '0.22142', '-0.00048', '-0.22142',
    '-0.97518', '0.00122', '-0.00020', '0.00129', '1.00000']
  '004.0000': ['1.255', '3.344', '0.080', '-0.98997', '0.14129', '-0.00016', '-0.14129',
    '-0.98997', '0.00090', '-0.00003', '0.00091', '1.00000']
  '004.0667': ['1.234', '3.341', '0.080', '-0.99833', '0.05779', '-0.00017', '-0.05779',
    '-0.99833', '0.00081', '-0.00012', '0.00082', '1.00000']
  '004.1333': ['1.200', '3.337', '0.080', '-0.99949', '-0.03182', '-0.00052', '0.03182',
    '-0.99949', '0.00101', '-0.00055', '0.00100', '1.00000']
  '004.2000': ['1.179', '3.331', '0.080', '-0.99113', '-0.13291', '-0.00053', '0.13291',
    '-0.99113', '0.00098', '-0.00065', '0.00090', '1.00000']
  '004.2667': ['1.175', '3.319', '0.080', '-0.97199', '-0.23503', '-0.00040', '0.23503',
    '-0.97199', '0.00064', '-0.00054', '0.00053', '1.00000']
  '004.3333': ['1.157', '3.318', '0.080', '-0.96407', '-0.26563', '-0.00039', '0.26563',
    '-0.96407', '0.00055', '-0.00052', '0.00042', '1.00000']
  '004.4000': ['1.136', '3.322', '0.080', '-0.95342', '-0.30165', '-0.00037', '0.30165',
    '-0.95342', '0.00049', '-0.00050', '0.00036', '1.00000']
  '004.4667': ['1.117', '3.327', '0.080', '-0.94075', '-0.33911', '-0.00037', '0.33911',
    '-0.94075', '0.00045', '-0.00050', '0.00030', '1.00000']
  '004.5333': ['1.099', '3.335', '0.080', '-0.92732', '-0.37427', '-0.00035', '0.37427',
    '-0.92732', '0.00044', '-0.00049', '0.00028', '1.00000']
  '004.6000': ['1.084', '3.348', '0.080', '-0.94016', '-0.34073', '-0.00024', '0.34073',
    '-0.94016', '0.00047', '-0.00038', '0.00037', '1.00000']
  '004.6667': ['1.063', '3.357', '0.080', '-0.96408', '-0.26563', '-0.00032', '0.26563',
    '-0.96408', '0.00048', '-0.00044', '0.00038', '1.00000']
  '004.7333': ['1.041', '3.365', '0.080', '-0.98302', '-0.18352', '-0.00037', '0.18352',
    '-0.98302', '0.00050', '-0.00046', '0.00042', '1.00000']
  '004.8000': ['1.018', '3.372', '0.080', '-0.98738', '-0.15839', '-0.00039', '0.15839',
    '-0.98738', '0.00049', '-0.00047', '0.00042', '1.00000']
  '004.8667': ['0.993', '3.377', '0.080', '-0.98662', '-0.16305', '-0.00039', '0.16305',
    '-0.98662', '0.00051', '-0.00047', '0.00044', '1.00000']
  '004.9333': ['0.968', '3.381', '0.080', '-0.98597', '-0.16690', '-0.00036', '0.16690',
    '-0.98597', '0.00051', '-0.00044', '0.00044', '1.00000']
  '005.0000': ['0.945', '3.384', '0.080', '-0.98483', '-0.17350', '-0.00034', '0.17350',
    '-0.98483', '0.00050', '-0.00042', '0.00043', '1.00000']
  '005.0667': ['0.922', '3.387', '0.080', '-0.98447', '-0.17557', '-0.00034', '0.17557',
    '-0.98447', '0.00052', '-0.00042', '0.00045', '1.00000']
  '005.1333': ['0.896', '3.390', '0.080', '-0.99605', '-0.08878', '-0.00036', '0.08878',
    '-0.99605', '0.00050', '-0.00040', '0.00047', '1.00000']
  '005.2000': ['0.871', '3.392', '0.080', '-1.00000', '-0.00176', '-0.00038', '0.00176',
    '-1.00000', '0.00049', '-0.00038', '0.00049', '1.00000']
  '005.2667': ['0.847', '3.393', '0.080', '-0.99597', '0.08969', '-0.00040', '-0.08969',
    '-0.99597', '0.00047', '-0.00036', '0.00051', '1.00000']
  '005.3333': ['0.823', '3.393', '0.080', '-0.98234', '0.18711', '-0.00043', '-0.18711',
    '-0.98234', '0.00046', '-0.00033', '0.00054', '1.00000']
  '005.4000': ['0.795', '3.387', '0.080', '-0.97224', '0.23399', '-0.00042', '-0.23399',
    '-0.97224', '0.00053', '-0.00028', '0.00061', '1.00000']
  '005.4667': ['0.769', '3.382', '0.080', '-0.97096', '0.23923', '-0.00043', '-0.23923',
    '-0.97096', '0.00053', '-0.00029', '0.00062', '1.00000']
  '005.5333': ['0.746', '3.376', '0.080', '-0.96938', '0.24556', '-0.00043', '-0.24556',
    '-0.96938', '0.00051', '-0.00029', '0.00060', '1.00000']
  '005.6000': ['0.723', '3.370', '0.080', '-0.96780', '0.25171', '-0.00043', '-0.25171',
    '-0.96780', '0.00050', '-0.00029', '0.00059', '1.00000']
  '005.6667': ['0.700', '3.363', '0.080', '-0.96658', '0.25638', '-0.00044', '-0.25638',
    '-0.96658', '0.00048', '-0.00030', '0.00058', '1.00000']
  '005.7333': ['0.676', '3.357', '0.080', '-0.96588', '0.25897', '-0.00043', '-0.25897',
    '-0.96588', '0.00046', '-0.00030', '0.00056', '1.00000']
  '005.8000': ['0.650', '3.348', '0.080', '-0.96612', '0.25808', '-0.00044', '-0.25808',
    '-0.96612', '0.00047', '-0.00031', '0.00056', '1.00000']
  '005.8667': ['0.628', '3.340', '0.080', '-0.96766', '0.25225', '-0.00045', '-0.25225',
    '-0.96766', '0.00056', '-0.00029', '0.00066', '1.00000']
  '005.9333': ['0.606', '3.334', '0.080', '-0.96973', '0.24418', '-0.00045', '-0.24418',
    '-0.96973', '0.00054', '-0.00030', '0.00063', '1.00000']
  '006.0000': ['0.584', '3.327', '0.080', '-0.97235', '0.23352', '-0.00044', '-0.23352',
    '-0.97235', '0.00054', '-0.00030', '0.00063', '1.00000']
  '006.0667': ['0.562', '3.323', '0.080', '-0.97464', '0.22380', '-0.00044', '-0.22380',
    '-0.97464', '0.00052', '-0.00031', '0.00061', '1.00000']
  '006.1333': ['0.536', '3.315', '0.080', '-0.97768', '0.21012', '-0.00045', '-0.21012',
    '-0.97768', '0.00051', '-0.00033', '0.00059', '1.00000']
  '006.2000': ['0.512', '3.309', '0.080', '-0.98099', '0.19406', '-0.00045', '-0.19406',
    '-0.98099', '0.00051', '-0.00034', '0.00059', '1.00000']
  '006.2667': ['0.490', '3.304', '0.080', '-0.98378', '0.17938', '-0.00049', '-0.17938',
    '-0.98378', '0.00051', '-0.00039', '0.00059', '1.00000']
  '006.3333': ['0.467', '3.299', '0.080', '-0.96640', '0.25705', '-0.00053', '-0.25705',
    '-0.96640', '0.00049', '-0.00039', '0.00061', '1.00000']
  '006.4000': ['0.444', '3.290', '0.080', '-0.94456', '0.32834', '-0.00062', '-0.32834',
    '-0.94456', '0.00058', '-0.00040', '0.00075', '1.00000']
  '006.4667': ['0.422', '3.281', '0.080', '-0.91785', '0.39692', '-0.00069', '-0.39692',
    '-0.91785', '0.00065', '-0.00037', '0.00087', '1.00000']
  '006.5333': ['0.399', '3.272', '0.080', '-0.88347', '0.46849', '-0.00070', '-0.46849',
    '-0.88347', '0.00056', '-0.00035', '0.00082', '1.00000']
  '006.6000': ['0.373', '3.261', '0.080', '-0.83939', '0.54353', '-0.00065', '-0.54353',
    '-0.83939', '0.00039', '-0.00033', '0.00069', '1.00000']
  '006.6667': ['0.347', '3.246', '0.080', '-0.78764', '0.61614', '-0.00068', '-0.61614',
    '-0.78764', '0.00038', '-0.00030', '0.00072', '1.00000']
  '006.7333': ['0.327', '3.233', '0.080', '-0.78868', '0.61481', '-0.00067', '-0.61481',
    '-0.78868', '0.00032', '-0.00033', '0.00066', '1.00000']
  '006.8000': ['0.306', '3.220', '0.080', '-0.78466', '0.61993', '-0.00064', '-0.61993',
    '-0.78466', '0.00003', '-0.00049', '0.00042', '1.00000']
  '006.8667': ['0.288', '3.206', '0.080', '-0.78149', '0.62392', '-0.00063', '-0.62392',
    '-0.78149', '-0.00004', '-0.00051', '0.00036', '1.00000']
  '006.9333': ['0.271', '3.192', '0.080', '-0.71296', '0.70121', '-0.00063', '-0.70121',
    '-0.71296', '-0.00009', '-0.00051', '0.00038', '1.00000']
  '007.0000': ['0.255', '3.175', '0.080', '-0.63766', '0.77031', '-0.00066', '-0.77031',
    '-0.63766', '-0.00008', '-0.00048', '0.00046', '1.00000']
  '007.0667': ['0.238', '3.155', '0.080', '-0.56318', '0.82633', '-0.00068', '-0.82633',
    '-0.56318', '-0.00012', '-0.00048', '0.00050', '1.00000']
  '007.1333': ['0.224', '3.136', '0.080', '-0.56157', '0.82743', '-0.00067', '-0.82743',
    '-0.56157', '-0.00014', '-0.00049', '0.00047', '1.00000']
  '007.2000': ['0.211', '3.117', '0.080', '-0.55916', '0.82906', '-0.00064', '-0.82906',
    '-0.55916', '-0.00015', '-0.00048', '0.00045', '1.00000']
  '007.2667': ['0.199', '3.098', '0.080', '-0.55751', '0.83017', '-0.00065', '-0.83017',
    '-0.55751', '-0.00014', '-0.00048', '0.00046', '1.00000']
  '007.3333': ['0.186', '3.078', '0.080', '-0.55771', '0.83004', '-0.00066', '-0.83004',
    '-0.55771', '-0.00013', '-0.00048', '0.00047', '1.00000']
  '007.4000': ['0.172', '3.054', '0.080', '-0.51127', '0.85942', '-0.00060', '-0.85942',
    '-0.51127', '-0.00015', '-0.00044', '0.00044', '1.00000']
  '007.4667': ['0.158', '3.032', '0.080', '-0.42412', '0.90561', '-0.00058', '-0.90561',
    '-0.42412', '-0.00018', '-0.00041', '0.00044', '1.00000']
  '007.5333': ['0.147', '3.010', '0.080', '-0.33034', '0.94386', '-0.00054', '-0.94386',
    '-0.33034', '-0.00021', '-0.00038', '0.00044', '1.00000']
  '007.6000': ['0.138', '2.986', '0.080', '-0.22986', '0.97322', '-0.00054', '-0.97322',
    '-0.22986', '-0.00021', '-0.00033', '0.00047', '1.00000']
  '007.6667': ['0.132', '2.962', '0.080', '-0.12687', '0.99192', '-0.00054', '-0.99192',
    '-0.12687', '-0.00021', '-0.00028', '0.00051', '1.00000']
  '007.7333': ['0.128', '2.937', '0.080', '-0.02248', '0.99975', '-0.00054', '-0.99975',
    '-0.02249', '-0.00021', '-0.00022', '0.00053', '1.00000']
  '007.8000': ['0.127', '2.912', '0.080', '0.02416', '0.99971', '-0.00054', '-0.99971',
    '0.02416', '-0.00021', '-0.00020', '0.00054', '1.00000']
  '007.8667': ['0.128', '2.887', '0.080', '0.02545', '0.99968', '-0.00054', '-0.99968',
    '0.02545', '-0.00021', '-0.00020', '0.00054', '1.00000']
  '007.9333': ['0.128', '2.862', '0.080', '0.12981', '0.99154', '-0.00054', '-0.99154',
    '0.12981', '-0.00021', '-0.00014', '0.00056', '1.00000']
  '008.0000': ['0.130', '2.837', '0.080', '0.23275', '0.97254', '-0.00054', '-0.97254',
    '0.23275', '-0.00021', '-0.00008', '0.00057', '1.00000']
  '008.0667': ['0.135', '2.812', '0.080', '0.33313', '0.94288', '-0.00054', '-0.94288',
    '0.33313', '-0.00021', '-0.00002', '0.00058', '1.00000']
  '008.1333': ['0.144', '2.788', '0.080', '0.35788', '0.93377', '-0.00054', '-0.93377',
    '0.35788', '-0.00021', '-0.00000', '0.00058', '1.00000']
  '008.2000': ['0.153', '2.765', '0.080', '0.35788', '0.93377', '-0.00054', '-0.93377',
    '0.35788', '-0.00021', '-0.00000', '0.00058', '1.00000']
  '008.2667': ['0.162', '2.741', '0.080', '0.35788', '0.93377', '-0.00054', '-0.93377',
    '0.35788', '-0.00021', '-0.00000', '0.00058', '1.00000']
  '008.3333': ['0.171', '2.717', '0.080', '0.35788', '0.93377', '-0.00054', '-0.93377',
    '0.35788', '-0.00021', '-0.00000', '0.00058', '1.00000']
  '008.4000': ['0.180', '2.694', '0.080', '0.35788', '0.93377', '-0.00054', '-0.93377',
    '0.35788', '-0.00021', '-0.00000', '0.00058', '1.00000']
  '008.4667': ['0.189', '2.670', '0.080', '0.35788', '0.93377', '-0.00054', '-0.93377',
    '0.35788', '-0.00021', '-0.00000', '0.00058', '1.00000']
  '008.5333': ['0.198', '2.647', '0.080', '0.35788', '0.93377', '-0.00054', '-0.93377',
    '0.35788', '-0.00021', '-0.00000', '0.00058', '1.00000']
  '008.6000': ['0.207', '2.623', '0.080', '0.35788', '0.93377', '-0.00054', '-0.93377',
    '0.35788', '-0.00021', '-0.00000', '0.00058', '1.00000']
  '008.6667': ['0.216', '2.600', '0.080', '0.35788', '0.93377', '-0.00054', '-0.93377',
    '0.35788', '-0.00021', '-0.00000', '0.00058', '1.00000']
  '008.7333': ['0.224', '2.576', '0.080', '0.42547', '0.90497', '-0.00054', '-0.90497',
    '0.42547', '-0.00021', '0.00004', '0.00058', '1.00000']
  '008.8000': ['0.235', '2.553', '0.080', '0.49564', '0.86853', '-0.00054', '-0.86853',
    '0.49564', '-0.00021', '0.00008', '0.00057', '1.00000']
  '008.8667': ['0.247', '2.531', '0.080', '0.49564', '0.86853', '-0.00054', '-0.86853',
    '0.49564', '-0.00021', '0.00008', '0.00057', '1.00000']
  '008.9333': ['0.260', '2.509', '0.080', '0.49564', '0.86853', '-0.00054', '-0.86853',
    '0.49564', '-0.00021', '0.00008', '0.00057', '1.00000']
  '009.0000': ['0.272', '2.487', '0.080', '0.49564', '0.86853', '-0.00054', '-0.86853',
    '0.49564', '-0.00021', '0.00008', '0.00057', '1.00000']
  '009.0667': ['0.285', '2.465', '0.080', '0.49564', '0.86853', '-0.00054', '-0.86853',
    '0.49564', '-0.00021', '0.00008', '0.00057', '1.00000']
  '009.1333': ['0.297', '2.443', '0.080', '0.49564', '0.86853', '-0.00054', '-0.86853',
    '0.49564', '-0.00021', '0.00008', '0.00057', '1.00000']
  '009.2000': ['0.310', '2.422', '0.080', '0.49564', '0.86853', '-0.00054', '-0.86853',
    '0.49564', '-0.00021', '0.00008', '0.00057', '1.00000']
  '009.2667': ['0.322', '2.400', '0.080', '0.49564', '0.86853', '-0.00054', '-0.86853',
    '0.49564', '-0.00021', '0.00008', '0.00057', '1.00000']
  '009.3333': ['0.335', '2.378', '0.080', '0.49564', '0.86853', '-0.00054', '-0.86853',
    '0.49564', '-0.00021', '0.00008', '0.00057', '1.00000']
  '009.4000': ['0.347', '2.356', '0.080', '0.49564', '0.86853', '-0.00054', '-0.86853',
    '0.49564', '-0.00021', '0.00008', '0.00057', '1.00000']
  '009.4667': ['0.360', '2.334', '0.080', '0.49564', '0.86853', '-0.00054', '-0.86853',
    '0.49564', '-0.00021', '0.00008', '0.00057', '1.00000']
  '009.5333': ['0.372', '2.312', '0.080', '0.55658', '0.83079', '-0.00054', '-0.83079',
    '0.55658', '-0.00021', '0.00012', '0.00056', '1.00000']
