begin_time_stamp: 1574103274.3333292
data_header:
  time_stamp: [x, y, z, R11, R12, R13, R21, R22, R23, R31, R32, R33]
trajectory_data:
  '000.0000': ['0.367', '2.713', '0.080', '0.16018', '-0.98709', '-0.00012', '0.98709',
    '0.16018', '0.00005', '-0.00003', '-0.00012', '1.00000']
  '000.0667': ['0.371', '2.735', '0.080', '0.15955', '-0.98719', '-0.00016', '0.98719',
    '0.15955', '0.00007', '-0.00004', '-0.00017', '1.00000']
  '000.1333': ['0.376', '2.753', '0.080', '0.15672', '-0.98764', '-0.00014', '0.98764',
    '0.15672', '0.00018', '-0.00016', '-0.00017', '1.00000']
  '000.2000': ['0.383', '2.779', '0.080', '0.14882', '-0.98887', '-0.00011', '0.98887',
    '0.14882', '0.00020', '-0.00019', '-0.00014', '1.00000']
  '000.2667': ['0.388', '2.807', '0.080', '0.13797', '-0.99044', '-0.00013', '0.99044',
    '0.13797', '0.00017', '-0.00015', '-0.00015', '1.00000']
  '000.3333': ['0.392', '2.832', '0.080', '0.12612', '-0.99202', '-0.00013', '0.99202',
    '0.12612', '0.00016', '-0.00015', '-0.00015', '1.00000']
  '000.4000': ['0.397', '2.860', '0.080', '0.11076', '-0.99385', '-0.00016', '0.99385',
    '0.11076', '0.00015', '-0.00013', '-0.00018', '1.00000']
  '000.4667': ['0.401', '2.886', '0.080', '0.09178', '-0.99578', '-0.00010', '0.99578',
    '0.09178', '0.00022', '-0.00021', '-0.00012', '1.00000']
  '000.5333': ['0.399', '2.907', '0.080', '0.07686', '-0.99704', '0.00072', '0.99704',
    '0.07686', '0.00096', '-0.00102', '0.00064', '1.00000']
  '000.6000': ['0.410', '2.939', '0.080', '0.13938', '-0.99024', '-0.00010', '0.99024',
    '0.13938', '0.00022', '-0.00020', '-0.00013', '1.00000']
  '000.6667': ['0.417', '2.969', '0.080', '0.19852', '-0.98010', '-0.00017', '0.98010',
    '0.19852', '0.00015', '-0.00012', '-0.00020', '1.00000']
  '000.7333': ['0.423', '2.995', '0.080', '0.25917', '-0.96583', '-0.00018', '0.96583',
    '0.25917', '0.00012', '-0.00007', '-0.00020', '1.00000']
  '000.8000': ['0.429', '3.019', '0.080', '0.32313', '-0.94635', '-0.00017', '0.94635',
    '0.32313', '0.00010', '-0.00004', '-0.00019', '1.00000']
  '000.8667': ['0.437', '3.043', '0.080', '0.38951', '-0.92102', '-0.00018', '0.92102',
    '0.38951', '0.00012', '-0.00004', '-0.00021', '1.00000']
  '000.9333': ['0.445', '3.065', '0.080', '0.45938', '-0.88824', '-0.00015', '0.88824',
    '0.45938', '0.00014', '-0.00006', '-0.00020', '1.00000']
  '001.0000': ['0.458', '3.088', '0.080', '0.52912', '-0.84855', '-0.00017', '0.84855',
    '0.52912', '0.00014', '-0.00003', '-0.00021', '1.00000']
  '001.0667': ['0.471', '3.109', '0.080', '0.59764', '-0.80177', '-0.00015', '0.80177',
    '0.59764', '0.00015', '-0.00004', '-0.00021', '1.00000']
  '001.1333': ['0.489', '3.131', '0.080', '0.66333', '-0.74833', '-0.00014', '0.74833',
    '0.66333', '0.00017', '-0.00003', '-0.00021', '1.00000']
  '001.2000': ['0.514', '3.154', '0.080', '0.72131', '-0.69261', '-0.00017', '0.69261',
    '0.72131', '0.00025', '-0.00005', '-0.00029', '1.00000']
  '001.2667': ['0.535', '3.173', '0.080', '0.77371', '-0.63353', '-0.00015', '0.63353',
    '0.77371', '0.00024', '-0.00003', '-0.00028', '1.00000']
  '001.3333': ['0.554', '3.189', '0.080', '0.82173', '-0.56987', '-0.00015', '0.56987',
    '0.82173', '0.00022', '-0.00000', '-0.00026', '1.00000']
  '001.4000': ['0.568', '3.200', '0.080', '0.86628', '-0.49955', '-0.00011', '0.49955',
    '0.86628', '0.00016', '0.00001', '-0.00020', '1.00000']
  '001.4667': ['0.588', '3.212', '0.080', '0.90618', '-0.42290', '-0.00007', '0.42290',
    '0.90618', '0.00012', '0.00001', '-0.00014', '1.00000']
  '001.5333': ['0.612', '3.223', '0.080', '0.94003', '-0.34110', '-0.00006', '0.34110',
    '0.94003', '0.00014', '0.00001', '-0.00016', '1.00000']
  '001.6000': ['0.638', '3.233', '0.080', '0.96758', '-0.25256', '-0.00004', '0.25256',
    '0.96758', '0.00017', '-0.00001', '-0.00017', '1.00000']
  '001.6667': ['0.660', '3.239', '0.080', '0.98712', '-0.15996', '-0.00002', '0.15996',
    '0.98712', '0.00020', '-0.00001', '-0.00020', '1.00000']
  '001.7333': ['0.683', '3.243', '0.080', '0.99802', '-0.06294', '-0.00002', '0.06294',
    '0.99802', '0.00017', '0.00001', '-0.00017', '1.00000']
  '001.8000': ['0.708', '3.245', '0.080', '0.99931', '0.03721', '-0.00003', '-0.03721',
    '0.99931', '0.00016', '0.00004', '-0.00016', '1.00000']
  '001.8667': ['0.735', '3.246', '0.080', '0.98959', '0.14388', '-0.00001', '-0.14388',
    '0.98959', '0.00015', '0.00003', '-0.00014', '1.00000']
  '001.9333': ['0.761', '3.246', '0.080', '0.96603', '0.25844', '-0.00006', '-0.25844',
    '0.96603', '0.00015', '0.00010', '-0.00012', '1.00000']
  '002.0000': ['0.784', '3.245', '0.080', '0.95722', '0.28938', '-0.00033', '-0.28938',
    '0.95722', '0.00025', '0.00039', '-0.00015', '1.00000']
  '002.0667': ['0.805', '3.241', '0.080', '0.94775', '0.31900', '-0.00035', '-0.31900',
    '0.94775', '0.00027', '0.00042', '-0.00014', '1.00000']
  '002.1333': ['0.825', '3.234', '0.080', '0.93768', '0.34749', '-0.00039', '-0.34749',
    '0.93768', '0.00027', '0.00046', '-0.00012', '1.00000']
  '002.2000': ['0.845', '3.227', '0.080', '0.92734', '0.37422', '-0.00042', '-0.37422',
    '0.92734', '0.00026', '0.00048', '-0.00008', '1.00000']
  '002.2667': ['0.867', '3.218', '0.080', '0.92690', '0.37532', '-0.00046', '-0.37532',
    '0.92690', '0.00028', '0.00053', '-0.00009', '1.00000']
  '002.3333': ['0.887', '3.210', '0.080', '0.95269', '0.30393', '-0.00043', '-0.30393',
    '0.95269', '0.00028', '0.00049', '-0.00014', '1.00000']
  '002.4000': ['0.906', '3.204', '0.080', '0.97377', '0.22755', '-0.00038', '-0.22755',
    '0.97377', '0.00027', '0.00044', '-0.00018', '1.00000']
  '002.4667': ['0.925', '3.200', '0.080', '0.98940', '0.14521', '-0.00035', '-0.14521',
    '0.98940', '0.00030', '0.00039', '-0.00024', '1.00000']
  '002.5333': ['0.946', '3.196', '0.080', '0.99853', '0.05421', '-0.00030', '-0.05421',
    '0.99853', '0.00031', '0.00031', '-0.00030', '1.00000']
  '002.6000': ['0.968', '3.193', '0.080', '0.99896', '0.04561', '-0.00017', '-0.04561',
    '0.99896', '0.00030', '0.00018', '-0.00030', '1.00000']
  '002.6667': ['0.992', '3.190', '0.080', '0.99918', '0.04058', '-0.00010', '-0.04058',
    '0.99918', '0.00030', '0.00012', '-0.00029', '1.00000']
  '002.7333': ['1.021', '3.187', '0.080', '0.99951', '0.03138', '-0.00005', '-0.03138',
    '0.99951', '0.00031', '0.00006', '-0.00031', '1.00000']
  '002.8000': ['1.050', '3.183', '0.080', '0.99985', '0.01746', '-0.00006', '-0.01746',
    '0.99985', '0.00027', '0.00006', '-0.00027', '1.00000']
  '002.8667': ['1.083', '3.172', '0.080', '0.99983', '-0.01823', '-0.00002', '0.01823',
    '0.99983', '0.00010', '0.00001', '-0.00010', '1.00000']
  '002.9333': ['1.101', '3.161', '0.080', '0.99733', '-0.07309', '-0.00011', '0.07309',
    '0.99733', '0.00001', '0.00011', '-0.00002', '1.00000']
  '003.0000': ['1.124', '3.160', '0.080', '0.99728', '-0.07373', '-0.00014', '0.07373',
    '0.99728', '-0.00000', '0.00014', '-0.00001', '1.00000']
  '003.0667': ['1.153', '3.163', '0.080', '0.99957', '-0.02939', '-0.00012', '0.02939',
    '0.99957', '0.00002', '0.00012', '-0.00002', '1.00000']
  '003.1333': ['1.182', '3.169', '0.080', '0.99967', '0.02550', '-0.00007', '-0.02550',
    '0.99967', '0.00003', '0.00008', '-0.00003', '1.00000']
  '003.2000': ['1.216', '3.181', '0.080', '0.99408', '0.10869', '0.00013', '-0.10869',
    '0.99408', '0.00011', '-0.00012', '-0.00012', '1.00000']
  '003.2667': ['1.251', '3.193', '0.080', '0.97441', '0.22480', '0.00039', '-0.22480',
    '0.97441', '0.00018', '-0.00034', '-0.00027', '1.00000']
  '003.3333': ['1.279', '3.194', '0.080', '0.93626', '0.35131', '0.00047', '-0.35131',
    '0.93626', '0.00018', '-0.00037', '-0.00034', '1.00000']
  '003.4000': ['1.303', '3.189', '0.080', '0.87876', '0.47727', '0.00049', '-0.47727',
    '0.87876', '0.00016', '-0.00036', '-0.00038', '1.00000']
  '003.4667': ['1.324', '3.178', '0.080', '0.80376', '0.59495', '0.00055', '-0.59495',
    '0.80376', '0.00012', '-0.00037', '-0.00042', '1.00000']
  '003.5333': ['1.324', '3.175', '0.080', '0.71177', '0.70241', '0.00049', '-0.70241',
    '0.71177', '0.00009', '-0.00029', '-0.00040', '1.00000']
  '003.6000': ['1.322', '3.163', '0.080', '0.61435', '0.78903', '0.00020', '-0.78903',
    '0.61435', '0.00031', '0.00012', '-0.00034', '1.00000']
  '003.6667': ['1.328', '3.150', '0.080', '0.50846', '0.86108', '0.00008', '-0.86108',
    '0.50846', '0.00038', '0.00029', '-0.00026', '1.00000']
  '003.7333': ['1.338', '3.133', '0.080', '0.39272', '0.91966', '0.00005', '-0.91966',
    '0.39272', '0.00036', '0.00031', '-0.00019', '1.00000']
  '003.8000': ['1.351', '3.108', '0.080', '0.33706', '0.94148', '-0.00007', '-0.94148',
    '0.33706', '0.00023', '0.00024', '-0.00001', '1.00000']
  '003.8667': ['1.352', '3.093', '0.080', '0.31054', '0.95056', '-0.00001', '-0.95056',
    '0.31054', '0.00031', '0.00030', '-0.00009', '1.00000']
  '003.9333': ['1.357', '3.071', '0.080', '0.29055', '0.95686', '-0.00004', '-0.95686',
    '0.29055', '0.00029', '0.00029', '-0.00005', '1.00000']
  '004.0000': ['1.362', '3.047', '0.080', '0.27609', '0.96113', '-0.00003', '-0.96113',
    '0.27609', '0.00024', '0.00024', '-0.00004', '1.00000']
  '004.0667': ['1.368', '3.022', '0.080', '0.23867', '0.97110', '-0.00001', '-0.97110',
    '0.23867', '0.00019', '0.00019', '-0.00003', '1.00000']
  '004.1333': ['1.375', '2.997', '0.080', '0.13089', '0.99140', '-0.00002', '-0.99140',
    '0.13089', '0.00018', '0.00018', '-0.00000', '1.00000']
  '004.2000': ['1.379', '2.971', '0.080', '0.02123', '0.99977', '-0.00002', '-0.99977',
    '0.02123', '0.00015', '0.00015', '0.00002', '1.00000']
  '004.2667': ['1.383', '2.944', '0.080', '-0.09345', '0.99562', '0.00001', '-0.99562',
    '-0.09345', '0.00011', '0.00011', '0.00000', '1.00000']
  '004.3333': ['1.383', '2.922', '0.080', '-0.13513', '0.99083', '-0.00001', '-0.99083',
    '-0.13513', '0.00013', '0.00013', '0.00003', '1.00000']
  '004.4000': ['1.383', '2.915', '0.080', '-0.15405', '0.98806', '-0.00007', '-0.98806',
    '-0.15405', '0.00023', '0.00021', '0.00010', '1.00000']
  '004.4667': ['1.380', '2.895', '0.080', '-0.17193', '0.98511', '-0.00009', '-0.98511',
    '-0.17193', '0.00025', '0.00023', '0.00013', '1.00000']
  '004.5333': ['1.375', '2.865', '0.080', '-0.18779', '0.98221', '-0.00008', '-0.98221',
    '-0.18779', '0.00021', '0.00019', '0.00011', '1.00000']
  '004.6000': ['1.368', '2.820', '0.080', '-0.20639', '0.97847', '-0.00002', '-0.97847',
    '-0.20639', '0.00008', '0.00007', '0.00004', '1.00000']
  '004.6667': ['1.365', '2.786', '0.080', '-0.23233', '0.97264', '-0.00002', '-0.97264',
    '-0.23233', '0.00002', '0.00001', '0.00002', '1.00000']
  '004.7333': ['1.368', '2.754', '0.080', '-0.19903', '0.97999', '0.00011', '-0.97999',
    '-0.19903', '-0.00014', '-0.00011', '-0.00013', '1.00000']
  '004.8000': ['1.365', '2.726', '0.080', '-0.14948', '0.98876', '0.00014', '-0.98876',
    '-0.14948', '-0.00018', '-0.00015', '-0.00016', '1.00000']
  '004.8667': ['1.358', '2.700', '0.080', '-0.09266', '0.99570', '0.00014', '-0.99570',
    '-0.09266', '-0.00019', '-0.00017', '-0.00016', '1.00000']
  '004.9333': ['1.348', '2.678', '0.080', '-0.10467', '0.99451', '0.00008', '-0.99451',
    '-0.10467', '-0.00012', '-0.00011', '-0.00009', '1.00000']
  '005.0000': ['1.327', '2.660', '0.080', '-0.09477', '0.99550', '-0.00017', '-0.99550',
    '-0.09477', '0.00032', '0.00030', '0.00020', '1.00000']
  '005.0667': ['1.310', '2.644', '0.080', '-0.05776', '0.99833', '-0.00029', '-0.99833',
    '-0.05776', '0.00047', '0.00045', '0.00032', '1.00000']
  '005.1333': ['1.304', '2.623', '0.080', '-0.01517', '0.99988', '-0.00026', '-0.99988',
    '-0.01517', '0.00035', '0.00035', '0.00027', '1.00000']
  '005.2000': ['1.305', '2.601', '0.080', '0.02415', '0.99971', '-0.00024', '-0.99971',
    '0.02415', '0.00023', '0.00023', '0.00023', '1.00000']
  '005.2667': ['1.312', '2.576', '0.080', '0.04887', '0.99880', '-0.00029', '-0.99881',
    '0.04887', '0.00012', '0.00013', '0.00028', '1.00000']
  '005.3333': ['1.314', '2.554', '0.080', '0.07149', '0.99744', '-0.00029', '-0.99744',
    '0.07149', '0.00008', '0.00010', '0.00029', '1.00000']
  '005.4000': ['1.315', '2.531', '0.080', '0.06254', '0.99804', '-0.00025', '-0.99804',
    '0.06254', '0.00001', '0.00003', '0.00025', '1.00000']
  '005.4667': ['1.318', '2.506', '0.080', '-0.01446', '0.99990', '-0.00024', '-0.99990',
    '-0.01446', '0.00001', '0.00001', '0.00024', '1.00000']
  '005.5333': ['1.318', '2.478', '0.080', '-0.01125', '0.99994', '-0.00026', '-0.99994',
    '-0.01125', '-0.00001', '-0.00001', '0.00025', '1.00000']
  '005.6000': ['1.318', '2.450', '0.080', '-0.00975', '0.99995', '-0.00024', '-0.99995',
    '-0.00975', '-0.00002', '-0.00002', '0.00024', '1.00000']
  '005.6667': ['1.322', '2.418', '0.080', '-0.09902', '0.99509', '-0.00024', '-0.99509',
    '-0.09902', '0.00006', '0.00004', '0.00024', '1.00000']
  '005.7333': ['1.319', '2.390', '0.080', '-0.18614', '0.98252', '-0.00025', '-0.98252',
    '-0.18614', '0.00007', '0.00002', '0.00026', '1.00000']
  '005.8000': ['1.313', '2.364', '0.080', '-0.27102', '0.96257', '-0.00026', '-0.96257',
    '-0.27102', '0.00010', '0.00003', '0.00028', '1.00000']
  '005.8667': ['1.307', '2.340', '0.080', '-0.35812', '0.93368', '-0.00026', '-0.93368',
    '-0.35812', '0.00013', '0.00003', '0.00030', '1.00000']
  '005.9333': ['1.298', '2.317', '0.080', '-0.44687', '0.89460', '-0.00024', '-0.89460',
    '-0.44687', '0.00014', '0.00001', '0.00028', '1.00000']
  '006.0000': ['1.287', '2.294', '0.080', '-0.53613', '0.84414', '-0.00022', '-0.84414',
    '-0.53613', '0.00013', '-0.00001', '0.00026', '1.00000']
  '006.0667': ['1.274', '2.274', '0.080', '-0.62278', '0.78240', '-0.00025', '-0.78240',
    '-0.62278', '0.00013', '-0.00005', '0.00027', '1.00000']
  '006.1333': ['1.259', '2.256', '0.080', '-0.70349', '0.71070', '-0.00028', '-0.71070',
    '-0.70349', '0.00011', '-0.00012', '0.00028', '1.00000']
  '006.2000': ['1.242', '2.241', '0.080', '-0.77743', '0.62897', '-0.00029', '-0.62897',
    '-0.77743', '0.00010', '-0.00016', '0.00026', '1.00000']
  '006.2667': ['1.223', '2.226', '0.080', '-0.84345', '0.53720', '-0.00029', '-0.53720',
    '-0.84345', '0.00012', '-0.00018', '0.00025', '1.00000']
  '006.3333': ['1.203', '2.214', '0.080', '-0.89982', '0.43626', '-0.00030', '-0.43626',
    '-0.89982', '0.00012', '-0.00022', '0.00024', '1.00000']
  '006.4000': ['1.182', '2.204', '0.080', '-0.94493', '0.32726', '-0.00033', '-0.32726',
    '-0.94493', '0.00012', '-0.00027', '0.00022', '1.00000']
  '006.4667': ['1.161', '2.196', '0.080', '-0.97812', '0.20804', '-0.00035', '-0.20804',
    '-0.97812', '0.00013', '-0.00032', '0.00020', '1.00000']
  '006.5333': ['1.138', '2.190', '0.080', '-0.99307', '0.11755', '-0.00035', '-0.11755',
    '-0.99307', '0.00013', '-0.00033', '0.00017', '1.00000']
  '006.6000': ['1.120', '2.182', '0.080', '-0.99737', '0.07247', '-0.00036', '-0.07247',
    '-0.99737', '0.00021', '-0.00034', '0.00023', '1.00000']
  '006.6667': ['1.095', '2.180', '0.080', '-0.99970', '0.02466', '-0.00035', '-0.02466',
    '-0.99970', '0.00022', '-0.00034', '0.00023', '1.00000']
  '006.7333': ['1.072', '2.180', '0.080', '-0.99978', '-0.02090', '-0.00034', '0.02090',
    '-0.99978', '0.00027', '-0.00035', '0.00026', '1.00000']
  '006.8000': ['1.046', '2.181', '0.080', '-0.99791', '-0.06456', '-0.00038', '0.06456',
    '-0.99791', '0.00034', '-0.00040', '0.00031', '1.00000']
  '006.8667': ['1.022', '2.184', '0.080', '-0.99999', '-0.00340', '-0.00044', '0.00340',
    '-0.99999', '0.00035', '-0.00044', '0.00035', '1.00000']
  '006.9333': ['0.997', '2.187', '0.080', '-0.99776', '0.06682', '-0.00044', '-0.06682',
    '-0.99776', '0.00034', '-0.00041', '0.00037', '1.00000']
  '007.0000': ['0.975', '2.189', '0.080', '-0.98897', '0.14809', '-0.00041', '-0.14809',
    '-0.98897', '0.00033', '-0.00036', '0.00038', '1.00000']
  '007.0667': ['0.953', '2.189', '0.080', '-0.99024', '0.13940', '-0.00042', '-0.13940',
    '-0.99024', '0.00034', '-0.00037', '0.00039', '1.00000']
  '007.1333': ['0.931', '2.188', '0.080', '-0.99021', '0.13955', '-0.00042', '-0.13955',
    '-0.99021', '0.00036', '-0.00036', '0.00041', '1.00000']
  '007.2000': ['0.906', '2.185', '0.080', '-0.98962', '0.14370', '-0.00045', '-0.14370',
    '-0.98962', '0.00036', '-0.00040', '0.00042', '1.00000']
  '007.2667': ['0.880', '2.178', '0.080', '-0.98971', '0.14306', '-0.00038', '-0.14306',
    '-0.98971', '0.00052', '-0.00031', '0.00057', '1.00000']
  '007.3333': ['0.856', '2.174', '0.080', '-0.98985', '0.14214', '-0.00040', '-0.14214',
    '-0.98985', '0.00053', '-0.00032', '0.00059', '1.00000']
  '007.4000': ['0.832', '2.171', '0.080', '-0.98988', '0.14188', '-0.00045', '-0.14188',
    '-0.98988', '0.00055', '-0.00037', '0.00061', '1.00000']
  '007.4667': ['0.807', '2.167', '0.080', '-0.99852', '0.05432', '-0.00045', '-0.05432',
    '-0.99852', '0.00055', '-0.00042', '0.00057', '1.00000']
  '007.5333': ['0.782', '2.165', '0.080', '-0.99989', '-0.01480', '-0.00045', '0.01480',
    '-0.99989', '0.00055', '-0.00046', '0.00054', '1.00000']
  '007.6000': ['0.757', '2.166', '0.080', '-0.99989', '-0.01480', '-0.00045', '0.01480',
    '-0.99989', '0.00055', '-0.00046', '0.00054', '1.00000']
  '007.6667': ['0.732', '2.166', '0.080', '-0.99989', '-0.01480', '-0.00045', '0.01480',
    '-0.99989', '0.00055', '-0.00046', '0.00054', '1.00000']
  '007.7333': ['0.707', '2.167', '0.080', '-0.99989', '-0.01480', '-0.00045', '0.01480',
    '-0.99989', '0.00055', '-0.00046', '0.00054', '1.00000']
  '007.8000': ['0.681', '2.167', '0.080', '-0.99989', '-0.01480', '-0.00045', '0.01480',
    '-0.99989', '0.00055', '-0.00046', '0.00054', '1.00000']
  '007.8667': ['0.656', '2.166', '0.080', '-0.99469', '-0.10288', '-0.00045', '0.10288',
    '-0.99469', '0.00055', '-0.00050', '0.00050', '1.00000']
  '007.9333': ['0.631', '2.168', '0.080', '-0.97849', '-0.20629', '-0.00045', '0.20629',
    '-0.97849', '0.00055', '-0.00055', '0.00044', '1.00000']
  '008.0000': ['0.606', '2.173', '0.080', '-0.95157', '-0.30745', '-0.00045', '0.30744',
    '-0.95157', '0.00055', '-0.00060', '0.00038', '1.00000']
  '008.0667': ['0.582', '2.180', '0.080', '-0.91421', '-0.40523', '-0.00045', '0.40523',
    '-0.91421', '0.00055', '-0.00063', '0.00032', '1.00000']
  '008.1333': ['0.559', '2.190', '0.080', '-0.86685', '-0.49858', '-0.00045', '0.49858',
    '-0.86685', '0.00055', '-0.00066', '0.00025', '1.00000']
  '008.2000': ['0.537', '2.202', '0.080', '-0.80998', '-0.58646', '-0.00045', '0.58646',
    '-0.80998', '0.00055', '-0.00068', '0.00018', '1.00000']
  '008.2667': ['0.516', '2.216', '0.080', '-0.74424', '-0.66792', '-0.00045', '0.66792',
    '-0.74424', '0.00055', '-0.00070', '0.00011', '1.00000']
  '008.3333': ['0.497', '2.232', '0.080', '-0.67034', '-0.74205', '-0.00045', '0.74205',
    '-0.67034', '0.00055', '-0.00071', '0.00004', '1.00000']
  '008.4000': ['0.480', '2.250', '0.080', '-0.58910', '-0.80806', '-0.00045', '0.80806',
    '-0.58910', '0.00055', '-0.00071', '-0.00004', '1.00000']
  '008.4667': ['0.464', '2.270', '0.080', '-0.50140', '-0.86522', '-0.00045', '0.86521',
    '-0.50140', '0.00055', '-0.00070', '-0.00011', '1.00000']
  '008.5333': ['0.451', '2.292', '0.080', '-0.40821', '-0.91289', '-0.00045', '0.91289',
    '-0.40821', '0.00055', '-0.00068', '-0.00019', '1.00000']
  '008.6000': ['0.440', '2.314', '0.080', '-0.31055', '-0.95056', '-0.00045', '0.95056',
    '-0.31055', '0.00055', '-0.00066', '-0.00026', '1.00000']
  '008.6667': ['0.432', '2.338', '0.080', '-0.20948', '-0.97781', '-0.00045', '0.97781',
    '-0.20948', '0.00055', '-0.00063', '-0.00032', '1.00000']
  '008.7333': ['0.426', '2.362', '0.080', '-0.10612', '-0.99435', '-0.00045', '0.99435',
    '-0.10612', '0.00055', '-0.00059', '-0.00039', '1.00000']
  '008.8000': ['0.423', '2.387', '0.080', '-0.00159', '-1.00000', '-0.00045', '1.00000',
    '-0.00159', '0.00055', '-0.00055', '-0.00045', '1.00000']
  '008.8667': ['0.423', '2.413', '0.080', '0.02352', '-0.99972', '-0.00045', '0.99972',
    '0.02352', '0.00055', '-0.00054', '-0.00046', '1.00000']
  '008.9333': ['0.423', '2.438', '0.080', '0.02352', '-0.99972', '-0.00045', '0.99972',
    '0.02352', '0.00055', '-0.00054', '-0.00046', '1.00000']
  '009.0000': ['0.424', '2.463', '0.080', '0.02352', '-0.99972', '-0.00045', '0.99972',
    '0.02352', '0.00055', '-0.00054', '-0.00046', '1.00000']
  '009.0667': ['0.424', '2.488', '0.080', '0.02352', '-0.99972', '-0.00045', '0.99972',
    '0.02352', '0.00055', '-0.00054', '-0.00046', '1.00000']
  '009.1333': ['0.425', '2.513', '0.080', '0.00228', '-1.00000', '-0.00045', '1.00000',
    '0.00228', '0.00055', '-0.00055', '-0.00045', '1.00000']
  '009.2000': ['0.426', '2.539', '0.080', '-0.10226', '-0.99476', '-0.00045', '0.99476',
    '-0.10226', '0.00055', '-0.00059', '-0.00039', '1.00000']
  '009.2667': ['0.424', '2.564', '0.080', '-0.20569', '-0.97862', '-0.00045', '0.97862',
    '-0.20569', '0.00055', '-0.00063', '-0.00033', '1.00000']
  '009.3333': ['0.421', '2.586', '0.080', '-0.30686', '-0.95176', '-0.00045', '0.95176',
    '-0.30686', '0.00055', '-0.00066', '-0.00026', '1.00000']
  '009.4000': ['0.421', '2.586', '0.080', '-0.40467', '-0.91446', '-0.00045', '0.91446',
    '-0.40467', '0.00055', '-0.00068', '-0.00019', '1.00000']
  '009.4667': ['0.421', '2.586', '0.080', '-0.49804', '-0.86715', '-0.00045', '0.86715',
    '-0.49804', '0.00055', '-0.00070', '-0.00012', '1.00000']
  '009.5333': ['0.421', '2.586', '0.080', '-0.58596', '-0.81034', '-0.00045', '0.81034',
    '-0.58596', '0.00055', '-0.00071', '-0.00004', '1.00000']
  '009.6000': ['0.421', '2.586', '0.080', '-0.66746', '-0.74465', '-0.00045', '0.74465',
    '-0.66746', '0.00055', '-0.00071', '0.00003', '1.00000']
