begin_time_stamp: 1574103174.3999968
data_header:
  time_stamp: [x, y, z, R11, R12, R13, R21, R22, R23, R31, R32, R33]
trajectory_data:
  '000.0000': ['2.539', '-0.191', '0.080', '-0.57097', '-0.82097', '0.00010', '0.82097',
    '-0.57097', '0.00021', '-0.00011', '0.00020', '1.00000']
  '000.0667': ['2.524', '-0.170', '0.080', '-0.57113', '-0.82086', '0.00010', '0.82086',
    '-0.57113', '0.00021', '-0.00012', '0.00021', '1.00000']
  '000.1333': ['2.504', '-0.147', '0.080', '-0.56694', '-0.82376', '0.00011', '0.82376',
    '-0.56694', '0.00022', '-0.00012', '0.00021', '1.00000']
  '000.2000': ['2.476', '-0.120', '0.080', '-0.55071', '-0.83470', '0.00011', '0.83470',
    '-0.55071', '0.00022', '-0.00012', '0.00021', '1.00000']
  '000.2667': ['2.439', '-0.086', '0.080', '-0.56664', '-0.82397', '0.00010', '0.82397',
    '-0.56664', '0.00021', '-0.00011', '0.00020', '1.00000']
  '000.3333': ['2.328', '-0.016', '0.080', '-0.40296', '-0.91522', '0.00008', '0.91522',
    '-0.40296', '0.00008', '-0.00004', '0.00011', '1.00000']
  '000.4000': ['2.293', '0.018', '0.080', '-0.24853', '-0.96862', '0.00010', '0.96862',
    '-0.24853', '0.00007', '-0.00004', '0.00011', '1.00000']
  '000.4667': ['2.272', '0.044', '0.080', '-0.06257', '-0.99804', '0.00012', '0.99804',
    '-0.06257', '0.00005', '-0.00004', '0.00012', '1.00000']
  '000.5333': ['2.262', '0.064', '0.080', '0.13703', '-0.99057', '0.00014', '0.99057',
    '0.13703', '0.00002', '-0.00004', '0.00014', '1.00000']
  '000.6000': ['2.259', '0.081', '0.080', '0.33284', '-0.94298', '0.00015', '0.94298',
    '0.33284', '-0.00001', '-0.00005', '0.00015', '1.00000']
  '000.6667': ['2.260', '0.095', '0.080', '0.51332', '-0.85820', '0.00016', '0.85820',
    '0.51332', '-0.00007', '-0.00002', '0.00017', '1.00000']
  '000.7333': ['2.258', '0.109', '0.080', '0.67870', '-0.73442', '0.00001', '0.73442',
    '0.67870', '-0.00030', '0.00021', '0.00021', '1.00000']
  '000.8000': ['2.270', '0.116', '0.080', '0.80503', '-0.59324', '-0.00005', '0.59324',
    '0.80503', '-0.00037', '0.00026', '0.00027', '1.00000']
  '000.8667': ['2.290', '0.120', '0.080', '0.89124', '-0.45354', '-0.00011', '0.45354',
    '0.89124', '-0.00038', '0.00027', '0.00029', '1.00000']
  '000.9333': ['2.314', '0.122', '0.080', '0.94521', '-0.32645', '-0.00013', '0.32645',
    '0.94521', '-0.00042', '0.00026', '0.00035', '1.00000']
  '001.0000': ['2.338', '0.121', '0.080', '0.95847', '-0.28518', '-0.00015', '0.28518',
    '0.95847', '-0.00041', '0.00026', '0.00035', '1.00000']
  '001.0667': ['2.361', '0.121', '0.080', '0.95786', '-0.28723', '-0.00016', '0.28723',
    '0.95786', '-0.00046', '0.00029', '0.00039', '1.00000']
  '001.1333': ['2.384', '0.121', '0.080', '0.95282', '-0.30354', '-0.00017', '0.30354',
    '0.95282', '-0.00046', '0.00030', '0.00039', '1.00000']
  '001.2000': ['2.410', '0.123', '0.080', '0.94275', '-0.33351', '-0.00017', '0.33351',
    '0.94275', '-0.00053', '0.00034', '0.00044', '1.00000']
  '001.2667': ['2.435', '0.127', '0.080', '0.92702', '-0.37502', '-0.00017', '0.37502',
    '0.92702', '-0.00057', '0.00037', '0.00047', '1.00000']
  '001.3333': ['2.458', '0.132', '0.080', '0.90527', '-0.42484', '-0.00016', '0.42484',
    '0.90527', '-0.00063', '0.00041', '0.00050', '1.00000']
  '001.4000': ['2.480', '0.139', '0.080', '0.87712', '-0.48028', '-0.00016', '0.48028',
    '0.87712', '-0.00066', '0.00046', '0.00051', '1.00000']
  '001.4667': ['2.502', '0.149', '0.080', '0.84186', '-0.53970', '-0.00013', '0.53970',
    '0.84186', '-0.00072', '0.00050', '0.00053', '1.00000']
  '001.5333': ['2.525', '0.161', '0.080', '0.79912', '-0.60117', '-0.00014', '0.60117',
    '0.79912', '-0.00076', '0.00057', '0.00052', '1.00000']
  '001.6000': ['2.544', '0.173', '0.080', '0.74897', '-0.66261', '-0.00010', '0.66260',
    '0.74897', '-0.00080', '0.00060', '0.00053', '1.00000']
  '001.6667': ['2.561', '0.186', '0.080', '0.69085', '-0.72300', '-0.00007', '0.72300',
    '0.69084', '-0.00085', '0.00067', '0.00054', '1.00000']
  '001.7333': ['2.580', '0.203', '0.080', '0.62397', '-0.78144', '-0.00005', '0.78144',
    '0.62397', '-0.00088', '0.00072', '0.00051', '1.00000']
  '001.8000': ['2.598', '0.223', '0.080', '0.54928', '-0.83564', '-0.00000', '0.83564',
    '0.54928', '-0.00092', '0.00077', '0.00050', '1.00000']
  '001.8667': ['2.612', '0.245', '0.080', '0.46797', '-0.88374', '0.00008', '0.88374',
    '0.46797', '-0.00092', '0.00078', '0.00050', '1.00000']
  '001.9333': ['2.623', '0.264', '0.080', '0.38146', '-0.92439', '0.00021', '0.92439',
    '0.38146', '-0.00088', '0.00073', '0.00053', '1.00000']
  '002.0000': ['2.629', '0.284', '0.080', '0.29226', '-0.95634', '0.00039', '0.95634',
    '0.29226', '-0.00082', '0.00067', '0.00062', '1.00000']
  '002.0667': ['2.632', '0.305', '0.080', '0.20598', '-0.97856', '0.00140', '0.97856',
    '0.20598', '-0.00053', '0.00024', '0.00148', '1.00000']
  '002.1333': ['2.638', '0.328', '0.080', '0.11431', '-0.99345', '0.00095', '0.99345',
    '0.11431', '-0.00067', '0.00055', '0.00102', '1.00000']
  '002.2000': ['2.639', '0.347', '0.080', '0.07739', '-0.99700', '0.00128', '0.99700',
    '0.07739', '-0.00062', '0.00052', '0.00132', '1.00000']
  '002.2667': ['2.642', '0.365', '0.080', '0.08292', '-0.99656', '0.00147', '0.99656',
    '0.08292', '-0.00061', '0.00049', '0.00151', '1.00000']
  '002.3333': ['2.654', '0.388', '0.080', '0.06877', '-0.99763', '0.00029', '0.99763',
    '0.06877', '-0.00033', '0.00031', '0.00031', '1.00000']
  '002.4000': ['2.660', '0.417', '0.080', '0.08008', '-0.99679', '-0.00000', '0.99679',
    '0.08008', '-0.00022', '0.00022', '0.00002', '1.00000']
  '002.4667': ['2.662', '0.443', '0.080', '0.16229', '-0.98674', '-0.00012', '0.98674',
    '0.16229', '-0.00018', '0.00020', '-0.00009', '1.00000']
  '002.5333': ['2.664', '0.469', '0.080', '0.17522', '-0.98453', '-0.00019', '0.98453',
    '0.17522', '-0.00015', '0.00018', '-0.00016', '1.00000']
  '002.6000': ['2.666', '0.491', '0.080', '0.16911', '-0.98560', '-0.00016', '0.98560',
    '0.16911', '-0.00018', '0.00021', '-0.00012', '1.00000']
  '002.6667': ['2.668', '0.514', '0.080', '0.16948', '-0.98553', '-0.00014', '0.98553',
    '0.16948', '-0.00018', '0.00020', '-0.00011', '1.00000']
  '002.7333': ['2.671', '0.540', '0.080', '0.17499', '-0.98457', '-0.00015', '0.98457',
    '0.17499', '-0.00014', '0.00017', '-0.00012', '1.00000']
  '002.8000': ['2.674', '0.564', '0.080', '0.18407', '-0.98291', '-0.00011', '0.98291',
    '0.18407', '-0.00020', '0.00022', '-0.00007', '1.00000']
  '002.8667': ['2.677', '0.587', '0.080', '0.19596', '-0.98061', '-0.00012', '0.98061',
    '0.19596', '-0.00022', '0.00024', '-0.00007', '1.00000']
  '002.9333': ['2.681', '0.612', '0.080', '0.21069', '-0.97755', '-0.00011', '0.97755',
    '0.21069', '-0.00022', '0.00023', '-0.00006', '1.00000']
  '003.0000': ['2.687', '0.634', '0.080', '0.22562', '-0.97422', '-0.00010', '0.97422',
    '0.22562', '-0.00021', '0.00023', '-0.00005', '1.00000']
  '003.0667': ['2.694', '0.657', '0.080', '0.23769', '-0.97134', '-0.00008', '0.97134',
    '0.23769', '-0.00018', '0.00020', '-0.00003', '1.00000']
  '003.1333': ['2.709', '0.685', '0.080', '0.23494', '-0.97201', '0.00017', '0.97201',
    '0.23494', '-0.00007', '0.00003', '0.00018', '1.00000']
  '003.2000': ['2.716', '0.711', '0.080', '0.19103', '-0.98158', '0.00026', '0.98158',
    '0.19103', '-0.00002', '-0.00003', '0.00026', '1.00000']
  '003.2667': ['2.721', '0.738', '0.080', '0.09296', '-0.99567', '0.00028', '0.99567',
    '0.09296', '0.00003', '-0.00006', '0.00028', '1.00000']
  '003.3333': ['2.723', '0.764', '0.080', '0.08130', '-0.99669', '0.00027', '0.99669',
    '0.08130', '-0.00001', '-0.00002', '0.00027', '1.00000']
  '003.4000': ['2.725', '0.789', '0.080', '0.08375', '-0.99649', '0.00025', '0.99649',
    '0.08375', '-0.00007', '0.00005', '0.00025', '1.00000']
  '003.4667': ['2.727', '0.817', '0.080', '0.08689', '-0.99622', '0.00026', '0.99622',
    '0.08689', '-0.00008', '0.00006', '0.00026', '1.00000']
  '003.5333': ['2.729', '0.843', '0.080', '0.09215', '-0.99575', '0.00026', '0.99575',
    '0.09215', '-0.00010', '0.00008', '0.00027', '1.00000']
  '003.6000': ['2.730', '0.866', '0.080', '0.09898', '-0.99509', '0.00024', '0.99509',
    '0.09898', '-0.00011', '0.00008', '0.00025', '1.00000']
  '003.6667': ['2.732', '0.889', '0.080', '0.10698', '-0.99426', '0.00024', '0.99426',
    '0.10698', '-0.00013', '0.00010', '0.00025', '1.00000']
  '003.7333': ['2.735', '0.912', '0.080', '0.11586', '-0.99327', '0.00026', '0.99327',
    '0.11586', '-0.00014', '0.00011', '0.00028', '1.00000']
  '003.8000': ['2.738', '0.938', '0.080', '0.12624', '-0.99200', '0.00027', '0.99200',
    '0.12624', '-0.00014', '0.00010', '0.00028', '1.00000']
  '003.8667': ['2.740', '0.963', '0.080', '0.13874', '-0.99033', '0.00027', '0.99033',
    '0.13874', '-0.00014', '0.00010', '0.00029', '1.00000']
  '003.9333': ['2.743', '0.987', '0.080', '0.15386', '-0.98809', '0.00028', '0.98809',
    '0.15386', '-0.00014', '0.00009', '0.00030', '1.00000']
  '004.0000': ['2.746', '1.011', '0.080', '0.17147', '-0.98519', '0.00028', '0.98519',
    '0.17147', '-0.00015', '0.00010', '0.00030', '1.00000']
  '004.0667': ['2.750', '1.037', '0.080', '0.19122', '-0.98155', '0.00029', '0.98155',
    '0.19122', '-0.00016', '0.00010', '0.00032', '1.00000']
  '004.1333': ['2.756', '1.059', '0.080', '0.21110', '-0.97746', '0.00031', '0.97746',
    '0.21110', '-0.00017', '0.00011', '0.00034', '1.00000']
  '004.2000': ['2.767', '1.082', '0.080', '0.22240', '-0.97496', '0.00055', '0.97496',
    '0.22240', '-0.00029', '0.00016', '0.00060', '1.00000']
  '004.2667': ['2.774', '1.104', '0.080', '0.12881', '-0.99167', '0.00063', '0.99167',
    '0.12881', '-0.00029', '0.00020', '0.00066', '1.00000']
  '004.3333': ['2.778', '1.126', '0.080', '0.03366', '-0.99943', '0.00070', '0.99943',
    '0.03366', '-0.00028', '0.00026', '0.00071', '1.00000']
  '004.4000': ['2.780', '1.149', '0.080', '-0.06350', '-0.99798', '0.00073', '0.99798',
    '-0.06350', '-0.00029', '0.00033', '0.00071', '1.00000']
  '004.4667': ['2.779', '1.172', '0.080', '-0.05988', '-0.99821', '0.00071', '0.99821',
    '-0.05988', '-0.00031', '0.00035', '0.00069', '1.00000']
  '004.5333': ['2.777', '1.193', '0.080', '-0.05821', '-0.99830', '0.00068', '0.99830',
    '-0.05821', '-0.00034', '0.00038', '0.00066', '1.00000']
  '004.6000': ['2.776', '1.215', '0.080', '-0.05729', '-0.99836', '0.00068', '0.99836',
    '-0.05729', '-0.00035', '0.00039', '0.00066', '1.00000']
  '004.6667': ['2.775', '1.237', '0.080', '-0.05569', '-0.99845', '0.00068', '0.99845',
    '-0.05569', '-0.00029', '0.00033', '0.00066', '1.00000']
  '004.7333': ['2.772', '1.261', '0.080', '-0.05215', '-0.99864', '0.00072', '0.99864',
    '-0.05215', '-0.00027', '0.00031', '0.00070', '1.00000']
  '004.8000': ['2.771', '1.289', '0.080', '-0.04837', '-0.99883', '0.00070', '0.99883',
    '-0.04837', '-0.00023', '0.00027', '0.00068', '1.00000']
  '004.8667': ['2.770', '1.313', '0.080', '-0.04451', '-0.99901', '0.00070', '0.99901',
    '-0.04451', '-0.00019', '0.00022', '0.00070', '1.00000']
  '004.9333': ['2.769', '1.338', '0.080', '-0.04188', '-0.99912', '0.00072', '0.99912',
    '-0.04188', '-0.00017', '0.00020', '0.00071', '1.00000']
  '005.0000': ['2.768', '1.362', '0.080', '-0.03901', '-0.99924', '0.00074', '0.99924',
    '-0.03901', '-0.00016', '0.00019', '0.00073', '1.00000']
  '005.0667': ['2.768', '1.386', '0.080', '-0.03668', '-0.99933', '0.00071', '0.99933',
    '-0.03668', '-0.00011', '0.00014', '0.00071', '1.00000']
  '005.1333': ['2.767', '1.410', '0.080', '-0.03469', '-0.99940', '0.00071', '0.99940',
    '-0.03469', '-0.00009', '0.00011', '0.00071', '1.00000']
  '005.2000': ['2.766', '1.434', '0.080', '-0.03315', '-0.99945', '0.00071', '0.99945',
    '-0.03315', '-0.00007', '0.00009', '0.00071', '1.00000']
  '005.2667': ['2.765', '1.458', '0.080', '-0.03079', '-0.99953', '0.00075', '0.99953',
    '-0.03079', '-0.00005', '0.00007', '0.00075', '1.00000']
  '005.3333': ['2.764', '1.485', '0.080', '-0.02790', '-0.99961', '0.00074', '0.99961',
    '-0.02790', '-0.00003', '0.00006', '0.00073', '1.00000']
  '005.4000': ['2.763', '1.512', '0.080', '-0.02448', '-0.99970', '0.00072', '0.99970',
    '-0.02448', '0.00000', '0.00002', '0.00072', '1.00000']
  '005.4667': ['2.762', '1.536', '0.080', '-0.02010', '-0.99980', '0.00075', '0.99980',
    '-0.02010', '0.00002', '0.00000', '0.00075', '1.00000']
  '005.5333': ['2.762', '1.560', '0.080', '-0.01687', '-0.99986', '0.00075', '0.99986',
    '-0.01687', '0.00002', '-0.00001', '0.00075', '1.00000']
  '005.6000': ['2.761', '1.584', '0.080', '-0.01238', '-0.99992', '0.00073', '0.99992',
    '-0.01238', '0.00006', '-0.00005', '0.00073', '1.00000']
  '005.6667': ['2.760', '1.609', '0.080', '-0.00491', '-0.99999', '0.00074', '0.99999',
    '-0.00491', '0.00002', '-0.00002', '0.00074', '1.00000']
  '005.7333': ['2.756', '1.636', '0.080', '0.01043', '-0.99995', '0.00076', '0.99995',
    '0.01043', '-0.00025', '0.00024', '0.00076', '1.00000']
  '005.8000': ['2.755', '1.660', '0.080', '0.02675', '-0.99964', '0.00073', '0.99964',
    '0.02675', '-0.00021', '0.00019', '0.00073', '1.00000']
  '005.8667': ['2.756', '1.683', '0.080', '0.04222', '-0.99911', '0.00066', '0.99911',
    '0.04222', '-0.00012', '0.00009', '0.00067', '1.00000']
  '005.9333': ['2.758', '1.705', '0.080', '0.05607', '-0.99843', '0.00063', '0.99843',
    '0.05607', '-0.00004', '0.00001', '0.00063', '1.00000']
  '006.0000': ['2.761', '1.729', '0.080', '0.06653', '-0.99778', '0.00064', '0.99778',
    '0.06653', '-0.00002', '-0.00002', '0.00064', '1.00000']
  '006.0667': ['2.762', '1.751', '0.080', '0.07813', '-0.99694', '0.00064', '0.99694',
    '0.07813', '0.00002', '-0.00007', '0.00064', '1.00000']
  '006.1333': ['2.764', '1.773', '0.080', '0.09245', '-0.99572', '0.00060', '0.99572',
    '0.09245', '0.00006', '-0.00012', '0.00059', '1.00000']
  '006.2000': ['2.766', '1.795', '0.080', '0.10778', '-0.99417', '0.00053', '0.99417',
    '0.10778', '0.00009', '-0.00015', '0.00052', '1.00000']
  '006.2667': ['2.769', '1.817', '0.080', '0.12503', '-0.99215', '0.00052', '0.99215',
    '0.12503', '0.00011', '-0.00018', '0.00050', '1.00000']
  '006.3333': ['2.772', '1.841', '0.080', '0.14331', '-0.98968', '0.00051', '0.98968',
    '0.14331', '0.00015', '-0.00022', '0.00048', '1.00000']
  '006.4000': ['2.776', '1.865', '0.080', '0.16253', '-0.98670', '0.00054', '0.98670',
    '0.16253', '0.00022', '-0.00031', '0.00050', '1.00000']
  '006.4667': ['2.779', '1.889', '0.080', '0.18508', '-0.98272', '0.00052', '0.98272',
    '0.18508', '0.00021', '-0.00030', '0.00048', '1.00000']
  '006.5333': ['2.782', '1.913', '0.080', '0.21212', '-0.97724', '0.00052', '0.97724',
    '0.21212', '0.00017', '-0.00028', '0.00047', '1.00000']
  '006.6000': ['2.786', '1.936', '0.080', '0.24416', '-0.96974', '0.00054', '0.96974',
    '0.24416', '0.00016', '-0.00029', '0.00048', '1.00000']
  '006.6667': ['2.790', '1.960', '0.080', '0.20265', '-0.97925', '0.00056', '0.97925',
    '0.20265', '0.00016', '-0.00027', '0.00051', '1.00000']
  '006.7333': ['2.796', '1.989', '0.080', '0.14220', '-0.98984', '0.00056', '0.98984',
    '0.14220', '0.00016', '-0.00024', '0.00054', '1.00000']
  '006.8000': ['2.801', '2.013', '0.080', '0.07818', '-0.99694', '0.00057', '0.99694',
    '0.07818', '0.00016', '-0.00021', '0.00056', '1.00000']
  '006.8667': ['2.805', '2.036', '0.080', '0.00653', '-0.99998', '0.00059', '0.99998',
    '0.00653', '0.00015', '-0.00016', '0.00059', '1.00000']
  '006.9333': ['2.809', '2.065', '0.080', '-0.04810', '-0.99884', '0.00060', '0.99884',
    '-0.04810', '0.00012', '-0.00009', '0.00060', '1.00000']
  '007.0000': ['2.811', '2.089', '0.080', '-0.04093', '-0.99916', '0.00061', '0.99916',
    '-0.04093', '0.00010', '-0.00007', '0.00061', '1.00000']
  '007.0667': ['2.811', '2.112', '0.080', '-0.03995', '-0.99920', '0.00060', '0.99920',
    '-0.03995', '0.00007', '-0.00004', '0.00060', '1.00000']
  '007.1333': ['2.810', '2.132', '0.080', '-0.03957', '-0.99922', '0.00059', '0.99922',
    '-0.03957', '0.00005', '-0.00003', '0.00059', '1.00000']
  '007.2000': ['2.805', '2.153', '0.080', '-0.03325', '-0.99945', '0.00064', '0.99945',
    '-0.03325', '-0.00004', '0.00006', '0.00063', '1.00000']
  '007.2667': ['2.803', '2.179', '0.080', '-0.02418', '-0.99971', '0.00068', '0.99971',
    '-0.02418', '-0.00009', '0.00010', '0.00067', '1.00000']
  '007.3333': ['2.802', '2.204', '0.080', '-0.01399', '-0.99990', '0.00068', '0.99990',
    '-0.01399', '-0.00011', '0.00012', '0.00068', '1.00000']
  '007.4000': ['2.801', '2.227', '0.080', '-0.00356', '-0.99999', '0.00066', '0.99999',
    '-0.00356', '-0.00010', '0.00010', '0.00066', '1.00000']
  '007.4667': ['2.801', '2.251', '0.080', '0.00722', '-0.99997', '0.00068', '0.99997',
    '0.00722', '-0.00012', '0.00011', '0.00068', '1.00000']
  '007.5333': ['2.802', '2.283', '0.080', '0.01760', '-0.99984', '0.00078', '0.99985',
    '0.01760', '-0.00009', '0.00007', '0.00078', '1.00000']
  '007.6000': ['2.803', '2.322', '0.080', '0.02613', '-0.99966', '0.00114', '0.99966',
    '0.02613', '-0.00016', '0.00013', '0.00115', '1.00000']
  '007.6667': ['2.806', '2.353', '0.080', '0.03096', '-0.99952', '0.00114', '0.99952',
    '0.03096', '-0.00012', '0.00008', '0.00114', '1.00000']
  '007.7333': ['2.808', '2.383', '0.080', '0.03365', '-0.99943', '0.00115', '0.99943',
    '0.03365', '-0.00004', '-0.00000', '0.00115', '1.00000']
  '007.8000': ['2.810', '2.409', '0.080', '0.03436', '-0.99941', '0.00111', '0.99941',
    '0.03436', '0.00009', '-0.00013', '0.00110', '1.00000']
  '007.8667': ['2.812', '2.434', '0.080', '0.03246', '-0.99947', '0.00102', '0.99947',
    '0.03246', '0.00022', '-0.00025', '0.00101', '1.00000']
  '007.9333': ['2.814', '2.460', '0.080', '0.02856', '-0.99959', '0.00097', '0.99959',
    '0.02856', '0.00029', '-0.00031', '0.00097', '1.00000']
  '008.0000': ['2.816', '2.488', '0.080', '0.02255', '-0.99975', '0.00091', '0.99975',
    '0.02255', '0.00038', '-0.00040', '0.00090', '1.00000']
  '008.0667': ['2.817', '2.511', '0.080', '-0.03081', '-0.99952', '0.00085', '0.99953',
    '-0.03081', '0.00045', '-0.00043', '0.00087', '1.00000']
  '008.1333': ['2.816', '2.534', '0.080', '-0.14012', '-0.99013', '0.00070', '0.99013',
    '-0.14012', '0.00050', '-0.00039', '0.00076', '1.00000']
  '008.2000': ['2.809', '2.540', '0.080', '-0.14093', '-0.99002', '0.00047', '0.99002',
    '-0.14093', '0.00051', '-0.00044', '0.00054', '1.00000']
  '008.2667': ['2.805', '2.560', '0.080', '-0.13967', '-0.99020', '0.00039', '0.99020',
    '-0.13967', '0.00053', '-0.00047', '0.00046', '1.00000']
  '008.3333': ['2.801', '2.585', '0.080', '-0.13967', '-0.99020', '0.00039', '0.99020',
    '-0.13967', '0.00053', '-0.00047', '0.00046', '1.00000']
  '008.4000': ['2.798', '2.610', '0.080', '-0.13967', '-0.99020', '0.00039', '0.99020',
    '-0.13967', '0.00053', '-0.00047', '0.00046', '1.00000']
  '008.4667': ['2.794', '2.635', '0.080', '-0.13967', '-0.99020', '0.00039', '0.99020',
    '-0.13967', '0.00053', '-0.00047', '0.00046', '1.00000']
  '008.5333': ['2.791', '2.660', '0.080', '-0.13967', '-0.99020', '0.00039', '0.99020',
    '-0.13967', '0.00053', '-0.00047', '0.00046', '1.00000']
  '008.6000': ['2.787', '2.685', '0.080', '-0.13967', '-0.99020', '0.00039', '0.99020',
    '-0.13967', '0.00053', '-0.00047', '0.00046', '1.00000']
  '008.6667': ['2.784', '2.710', '0.080', '-0.13967', '-0.99020', '0.00039', '0.99020',
    '-0.13967', '0.00053', '-0.00047', '0.00046', '1.00000']
  '008.7333': ['2.780', '2.735', '0.080', '-0.13967', '-0.99020', '0.00039', '0.99020',
    '-0.13967', '0.00053', '-0.00047', '0.00046', '1.00000']
  '008.8000': ['2.777', '2.760', '0.080', '-0.13967', '-0.99020', '0.00039', '0.99020',
    '-0.13967', '0.00053', '-0.00047', '0.00046', '1.00000']
  '008.8667': ['2.774', '2.785', '0.080', '-0.18990', '-0.98180', '0.00039', '0.98180',
    '-0.18990', '0.00053', '-0.00044', '0.00048', '1.00000']
  '008.9333': ['2.770', '2.809', '0.080', '-0.29149', '-0.95657', '0.00039', '0.95657',
    '-0.29149', '0.00053', '-0.00039', '0.00053', '1.00000']
  '009.0000': ['2.763', '2.834', '0.080', '-0.38989', '-0.92086', '0.00039', '0.92086',
    '-0.38989', '0.00053', '-0.00033', '0.00057', '1.00000']
  '009.0667': ['2.754', '2.857', '0.080', '-0.45640', '-0.88978', '0.00039', '0.88978',
    '-0.45640', '0.00053', '-0.00029', '0.00059', '1.00000']
  '009.1333': ['2.742', '2.879', '0.080', '-0.45640', '-0.88978', '0.00039', '0.88978',
    '-0.45640', '0.00053', '-0.00029', '0.00059', '1.00000']
  '009.2000': ['2.731', '2.902', '0.080', '-0.45640', '-0.88978', '0.00039', '0.88978',
    '-0.45640', '0.00053', '-0.00029', '0.00059', '1.00000']
  '009.2667': ['2.720', '2.924', '0.080', '-0.47921', '-0.87770', '0.00039', '0.87770',
    '-0.47921', '0.00053', '-0.00028', '0.00060', '1.00000']
  '009.3333': ['2.708', '2.947', '0.080', '-0.56833', '-0.82280', '0.00039', '0.82280',
    '-0.56833', '0.00053', '-0.00021', '0.00062', '1.00000']
  '009.4000': ['2.694', '2.968', '0.080', '-0.65123', '-0.75888', '0.00039', '0.75888',
    '-0.65123', '0.00053', '-0.00015', '0.00064', '1.00000']
  '009.4667': ['2.679', '2.987', '0.080', '-0.72699', '-0.68665', '0.00039', '0.68665',
    '-0.72699', '0.00053', '-0.00008', '0.00065', '1.00000']
  '009.5333': ['2.661', '3.005', '0.080', '-0.79478', '-0.60689', '0.00039', '0.60689',
    '-0.79478', '0.00053', '-0.00001', '0.00066', '1.00000']
