begin_time_stamp: 1574103273.199997
data_header:
  time_stamp: [x, y, z, R11, R12, R13, R21, R22, R23, R31, R32, R33]
trajectory_data:
  '000.0000': ['1.109', '2.826', '0.080', '0.99807', '-0.06214', '-0.00020', '0.06214',
    '0.99807', '-0.00022', '0.00022', '0.00021', '1.00000']
  '000.0667': ['1.109', '2.826', '0.080', '0.99810', '-0.06161', '-0.00021', '0.06161',
    '0.99810', '-0.00022', '0.00022', '0.00021', '1.00000']
  '000.1333': ['1.112', '2.824', '0.080', '0.99822', '-0.05957', '-0.00021', '0.05957',
    '0.99822', '-0.00022', '0.00022', '0.00020', '1.00000']
  '000.2000': ['1.106', '2.845', '0.080', '0.99945', '-0.03306', '-0.00001', '0.03306',
    '0.99945', '-0.00026', '0.00002', '0.00025', '1.00000']
  '000.2667': ['1.103', '2.849', '0.080', '0.99943', '-0.03371', '-0.00001', '0.03371',
    '0.99943', '-0.00027', '0.00002', '0.00027', '1.00000']
  '000.3333': ['1.104', '2.847', '0.080', '0.99952', '-0.03103', '-0.00000', '0.03103',
    '0.99952', '-0.00026', '0.00001', '0.00026', '1.00000']
  '000.4000': ['1.106', '2.846', '0.080', '0.99950', '-0.03171', '-0.00001', '0.03171',
    '0.99950', '-0.00025', '0.00002', '0.00025', '1.00000']
  '000.4667': ['1.106', '2.845', '0.080', '0.99944', '-0.03345', '-0.00001', '0.03345',
    '0.99944', '-0.00025', '0.00002', '0.00025', '1.00000']
  '000.5333': ['1.104', '2.847', '0.080', '0.99948', '-0.03235', '-0.00001', '0.03235',
    '0.99948', '-0.00026', '0.00001', '0.00026', '1.00000']
  '000.6000': ['1.105', '2.846', '0.080', '0.99951', '-0.03139', '-0.00001', '0.03139',
    '0.99951', '-0.00026', '0.00002', '0.00026', '1.00000']
  '000.6667': ['1.105', '2.847', '0.080', '0.99950', '-0.03157', '-0.00001', '0.03157',
    '0.99950', '-0.00026', '0.00001', '0.00026', '1.00000']
  '000.7333': ['1.105', '2.847', '0.080', '0.99948', '-0.03224', '-0.00001', '0.03224',
    '0.99948', '-0.00026', '0.00002', '0.00026', '1.00000']
  '000.8000': ['1.105', '2.847', '0.080', '0.99946', '-0.03290', '-0.00001', '0.03290',
    '0.99946', '-0.00026', '0.00002', '0.00026', '1.00000']
  '000.8667': ['1.106', '2.846', '0.080', '0.99943', '-0.03379', '-0.00002', '0.03379',
    '0.99943', '-0.00025', '0.00002', '0.00025', '1.00000']
  '000.9333': ['1.106', '2.846', '0.080', '0.99949', '-0.03195', '-0.00001', '0.03195',
    '0.99949', '-0.00025', '0.00002', '0.00025', '1.00000']
  '001.0000': ['1.107', '2.845', '0.080', '0.99954', '-0.03042', '-0.00002', '0.03042',
    '0.99954', '-0.00025', '0.00003', '0.00025', '1.00000']
  '001.0667': ['1.104', '2.847', '0.080', '0.99948', '-0.03219', '-0.00001', '0.03219',
    '0.99948', '-0.00026', '0.00002', '0.00026', '1.00000']
  '001.1333': ['1.105', '2.847', '0.080', '0.99940', '-0.03461', '-0.00001', '0.03461',
    '0.99940', '-0.00026', '0.00002', '0.00026', '1.00000']
  '001.2000': ['1.106', '2.846', '0.080', '0.99945', '-0.03306', '-0.00002', '0.03306',
    '0.99945', '-0.00025', '0.00003', '0.00025', '1.00000']
  '001.2667': ['1.105', '2.846', '0.080', '0.99943', '-0.03369', '-0.00001', '0.03369',
    '0.99943', '-0.00026', '0.00002', '0.00026', '1.00000']
  '001.3333': ['1.105', '2.847', '0.080', '0.99943', '-0.03385', '-0.00001', '0.03385',
    '0.99943', '-0.00026', '0.00002', '0.00026', '1.00000']
  '001.4000': ['1.106', '2.846', '0.080', '0.99948', '-0.03217', '-0.00002', '0.03217',
    '0.99948', '-0.00026', '0.00003', '0.00025', '1.00000']
  '001.4667': ['1.106', '2.846', '0.080', '0.99942', '-0.03397', '-0.00001', '0.03397',
    '0.99942', '-0.00025', '0.00002', '0.00025', '1.00000']
  '001.5333': ['1.105', '2.846', '0.080', '0.99942', '-0.03416', '-0.00001', '0.03416',
    '0.99942', '-0.00026', '0.00002', '0.00026', '1.00000']
  '001.6000': ['1.107', '2.845', '0.080', '0.99948', '-0.03229', '-0.00002', '0.03229',
    '0.99948', '-0.00025', '0.00003', '0.00024', '1.00000']
  '001.6667': ['1.106', '2.845', '0.080', '0.99944', '-0.03333', '-0.00002', '0.03333',
    '0.99944', '-0.00026', '0.00003', '0.00026', '1.00000']
  '001.7333': ['1.105', '2.847', '0.080', '0.99945', '-0.03324', '-0.00001', '0.03324',
    '0.99945', '-0.00025', '0.00002', '0.00025', '1.00000']
  '001.8000': ['1.106', '2.846', '0.080', '0.99949', '-0.03194', '-0.00002', '0.03194',
    '0.99949', '-0.00025', '0.00003', '0.00025', '1.00000']
  '001.8667': ['1.103', '2.848', '0.080', '0.99951', '-0.03143', '-0.00001', '0.03143',
    '0.99951', '-0.00026', '0.00002', '0.00026', '1.00000']
  '001.9333': ['1.106', '2.846', '0.080', '0.99947', '-0.03260', '-0.00001', '0.03260',
    '0.99947', '-0.00025', '0.00002', '0.00025', '1.00000']
  '002.0000': ['1.105', '2.847', '0.080', '0.99947', '-0.03261', '-0.00002', '0.03261',
    '0.99947', '-0.00025', '0.00003', '0.00025', '1.00000']
  '002.0667': ['1.105', '2.847', '0.080', '0.99947', '-0.03246', '-0.00001', '0.03246',
    '0.99947', '-0.00026', '0.00002', '0.00026', '1.00000']
  '002.1333': ['1.107', '2.846', '0.080', '0.99949', '-0.03202', '-0.00001', '0.03202',
    '0.99949', '-0.00025', '0.00002', '0.00025', '1.00000']
  '002.2000': ['1.105', '2.847', '0.080', '0.99942', '-0.03403', '-0.00001', '0.03403',
    '0.99942', '-0.00026', '0.00002', '0.00026', '1.00000']
  '002.2667': ['1.105', '2.847', '0.080', '0.99949', '-0.03196', '-0.00001', '0.03196',
    '0.99949', '-0.00026', '0.00001', '0.00026', '1.00000']
  '002.3333': ['1.104', '2.848', '0.080', '0.99952', '-0.03102', '-0.00001', '0.03102',
    '0.99952', '-0.00026', '0.00002', '0.00026', '1.00000']
  '002.4000': ['1.107', '2.845', '0.080', '0.99952', '-0.03106', '-0.00001', '0.03106',
    '0.99952', '-0.00025', '0.00002', '0.00024', '1.00000']
  '002.4667': ['1.102', '2.849', '0.080', '0.99953', '-0.03079', '-0.00001', '0.03079',
    '0.99953', '-0.00027', '0.00001', '0.00027', '1.00000']
  '002.5333': ['1.104', '2.847', '0.080', '0.99947', '-0.03256', '-0.00000', '0.03256',
    '0.99947', '-0.00026', '0.00001', '0.00026', '1.00000']
  '002.6000': ['1.087', '2.859', '0.080', '0.99981', '-0.01961', '-0.00007', '0.01961',
    '0.99981', '-0.00016', '0.00007', '0.00016', '1.00000']
  '002.6667': ['1.088', '2.858', '0.080', '0.99984', '-0.01778', '-0.00008', '0.01778',
    '0.99984', '-0.00015', '0.00008', '0.00014', '1.00000']
  '002.7333': ['1.087', '2.860', '0.080', '0.99981', '-0.01946', '-0.00008', '0.01946',
    '0.99981', '-0.00015', '0.00009', '0.00015', '1.00000']
  '002.8000': ['1.086', '2.860', '0.080', '0.99976', '-0.02180', '-0.00008', '0.02180',
    '0.99976', '-0.00015', '0.00008', '0.00015', '1.00000']
  '002.8667': ['1.089', '2.857', '0.080', '0.99980', '-0.01979', '-0.00008', '0.01979',
    '0.99980', '-0.00015', '0.00008', '0.00014', '1.00000']
  '002.9333': ['1.087', '2.860', '0.080', '0.99977', '-0.02163', '-0.00007', '0.02163',
    '0.99977', '-0.00016', '0.00008', '0.00015', '1.00000']
  '003.0000': ['1.090', '2.857', '0.080', '0.99979', '-0.02032', '-0.00007', '0.02032',
    '0.99979', '-0.00015', '0.00007', '0.00015', '1.00000']
  '003.0667': ['1.087', '2.859', '0.080', '0.99982', '-0.01920', '-0.00008', '0.01920',
    '0.99982', '-0.00015', '0.00008', '0.00015', '1.00000']
  '003.1333': ['1.087', '2.859', '0.080', '0.99981', '-0.01935', '-0.00008', '0.01935',
    '0.99981', '-0.00015', '0.00008', '0.00015', '1.00000']
  '003.2000': ['1.088', '2.859', '0.080', '0.99978', '-0.02115', '-0.00009', '0.02115',
    '0.99978', '-0.00015', '0.00009', '0.00015', '1.00000']
  '003.2667': ['1.088', '2.859', '0.080', '0.99979', '-0.02046', '-0.00007', '0.02046',
    '0.99979', '-0.00014', '0.00008', '0.00014', '1.00000']
  '003.3333': ['1.087', '2.858', '0.080', '0.99981', '-0.01928', '-0.00006', '0.01928',
    '0.99981', '-0.00015', '0.00007', '0.00015', '1.00000']
  '003.4000': ['1.085', '2.860', '0.080', '0.99981', '-0.01964', '-0.00007', '0.01964',
    '0.99981', '-0.00015', '0.00007', '0.00015', '1.00000']
  '003.4667': ['1.088', '2.858', '0.080', '0.99978', '-0.02088', '-0.00008', '0.02088',
    '0.99978', '-0.00015', '0.00008', '0.00015', '1.00000']
  '003.5333': ['1.089', '2.858', '0.080', '0.99979', '-0.02053', '-0.00009', '0.02053',
    '0.99979', '-0.00015', '0.00009', '0.00015', '1.00000']
  '003.6000': ['1.088', '2.858', '0.080', '0.99980', '-0.02020', '-0.00006', '0.02020',
    '0.99980', '-0.00015', '0.00007', '0.00015', '1.00000']
  '003.6667': ['1.087', '2.859', '0.080', '0.99981', '-0.01931', '-0.00008', '0.01931',
    '0.99981', '-0.00015', '0.00008', '0.00014', '1.00000']
  '003.7333': ['1.086', '2.860', '0.080', '0.99981', '-0.01961', '-0.00008', '0.01961',
    '0.99981', '-0.00015', '0.00008', '0.00015', '1.00000']
  '003.8000': ['1.088', '2.859', '0.080', '0.99981', '-0.01966', '-0.00009', '0.01966',
    '0.99981', '-0.00015', '0.00009', '0.00015', '1.00000']
  '003.8667': ['1.088', '2.858', '0.080', '0.99978', '-0.02104', '-0.00007', '0.02104',
    '0.99978', '-0.00015', '0.00008', '0.00015', '1.00000']
  '003.9333': ['1.090', '2.858', '0.080', '0.99974', '-0.02291', '-0.00008', '0.02291',
    '0.99974', '-0.00015', '0.00009', '0.00015', '1.00000']
  '004.0000': ['1.089', '2.858', '0.080', '0.99978', '-0.02076', '-0.00008', '0.02076',
    '0.99978', '-0.00014', '0.00008', '0.00014', '1.00000']
  '004.0667': ['1.088', '2.858', '0.080', '0.99978', '-0.02083', '-0.00008', '0.02083',
    '0.99978', '-0.00015', '0.00009', '0.00014', '1.00000']
  '004.1333': ['1.087', '2.859', '0.080', '0.99979', '-0.02065', '-0.00007', '0.02065',
    '0.99979', '-0.00015', '0.00008', '0.00015', '1.00000']
  '004.2000': ['1.087', '2.859', '0.080', '0.99979', '-0.02066', '-0.00007', '0.02066',
    '0.99979', '-0.00016', '0.00007', '0.00016', '1.00000']
  '004.2667': ['1.087', '2.859', '0.080', '0.99982', '-0.01922', '-0.00007', '0.01922',
    '0.99982', '-0.00015', '0.00008', '0.00015', '1.00000']
  '004.3333': ['1.087', '2.859', '0.080', '0.99978', '-0.02101', '-0.00008', '0.02101',
    '0.99978', '-0.00015', '0.00009', '0.00015', '1.00000']
  '004.4000': ['1.086', '2.860', '0.080', '0.99982', '-0.01910', '-0.00007', '0.01910',
    '0.99982', '-0.00015', '0.00007', '0.00015', '1.00000']
  '004.4667': ['1.089', '2.858', '0.080', '0.99980', '-0.02005', '-0.00008', '0.02005',
    '0.99980', '-0.00014', '0.00008', '0.00014', '1.00000']
  '004.5333': ['1.091', '2.856', '0.080', '0.99986', '-0.01665', '-0.00007', '0.01665',
    '0.99986', '-0.00015', '0.00007', '0.00015', '1.00000']
  '004.6000': ['1.087', '2.859', '0.080', '0.99979', '-0.02052', '-0.00007', '0.02052',
    '0.99979', '-0.00015', '0.00007', '0.00015', '1.00000']
  '004.6667': ['1.088', '2.858', '0.080', '0.99978', '-0.02093', '-0.00007', '0.02093',
    '0.99978', '-0.00015', '0.00008', '0.00015', '1.00000']
  '004.7333': ['1.088', '2.858', '0.080', '0.99980', '-0.01983', '-0.00008', '0.01983',
    '0.99980', '-0.00015', '0.00008', '0.00015', '1.00000']
  '004.8000': ['1.087', '2.860', '0.080', '0.99982', '-0.01878', '-0.00009', '0.01878',
    '0.99982', '-0.00015', '0.00009', '0.00015', '1.00000']
  '004.8667': ['1.087', '2.859', '0.080', '0.99980', '-0.01986', '-0.00008', '0.01986',
    '0.99980', '-0.00015', '0.00008', '0.00015', '1.00000']
  '004.9333': ['1.087', '2.859', '0.080', '0.99978', '-0.02121', '-0.00008', '0.02121',
    '0.99978', '-0.00015', '0.00008', '0.00014', '1.00000']
  '005.0000': ['1.085', '2.861', '0.080', '0.99975', '-0.02246', '-0.00007', '0.02246',
    '0.99975', '-0.00016', '0.00007', '0.00016', '1.00000']
  '005.0667': ['1.087', '2.859', '0.080', '0.99979', '-0.02029', '-0.00006', '0.02029',
    '0.99979', '-0.00015', '0.00007', '0.00015', '1.00000']
  '005.1333': ['1.086', '2.860', '0.080', '0.99975', '-0.02226', '-0.00006', '0.02226',
    '0.99975', '-0.00015', '0.00007', '0.00015', '1.00000']
  '005.2000': ['1.088', '2.858', '0.080', '0.99980', '-0.01989', '-0.00007', '0.01989',
    '0.99980', '-0.00015', '0.00007', '0.00015', '1.00000']
  '005.2667': ['1.087', '2.859', '0.080', '0.99980', '-0.02018', '-0.00007', '0.02018',
    '0.99980', '-0.00015', '0.00007', '0.00015', '1.00000']
  '005.3333': ['1.088', '2.859', '0.080', '0.99978', '-0.02092', '-0.00007', '0.02092',
    '0.99978', '-0.00015', '0.00008', '0.00015', '1.00000']
  '005.4000': ['1.087', '2.859', '0.080', '0.99979', '-0.02040', '-0.00007', '0.02040',
    '0.99979', '-0.00015', '0.00007', '0.00015', '1.00000']
  '005.4667': ['1.089', '2.858', '0.080', '0.99982', '-0.01900', '-0.00008', '0.01900',
    '0.99982', '-0.00015', '0.00008', '0.00015', '1.00000']
  '005.5333': ['1.088', '2.858', '0.080', '0.99978', '-0.02079', '-0.00006', '0.02079',
    '0.99978', '-0.00015', '0.00006', '0.00014', '1.00000']
  '005.6000': ['1.085', '2.861', '0.080', '0.99981', '-0.01968', '-0.00009', '0.01968',
    '0.99981', '-0.00016', '0.00009', '0.00015', '1.00000']
  '005.6667': ['1.086', '2.860', '0.080', '0.99976', '-0.02173', '-0.00007', '0.02173',
    '0.99976', '-0.00015', '0.00008', '0.00015', '1.00000']
  '005.7333': ['1.086', '2.859', '0.080', '0.99979', '-0.02047', '-0.00007', '0.02047',
    '0.99979', '-0.00015', '0.00007', '0.00015', '1.00000']
  '005.8000': ['1.089', '2.858', '0.080', '0.99978', '-0.02090', '-0.00009', '0.02090',
    '0.99978', '-0.00014', '0.00009', '0.00014', '1.00000']
  '005.8667': ['1.088', '2.859', '0.080', '0.99980', '-0.02022', '-0.00008', '0.02022',
    '0.99980', '-0.00014', '0.00008', '0.00014', '1.00000']
  '005.9333': ['1.089', '2.857', '0.080', '0.99980', '-0.02013', '-0.00007', '0.02013',
    '0.99980', '-0.00014', '0.00007', '0.00014', '1.00000']
  '006.0000': ['1.088', '2.858', '0.080', '0.99980', '-0.02002', '-0.00007', '0.02002',
    '0.99980', '-0.00015', '0.00008', '0.00015', '1.00000']
  '006.0667': ['1.086', '2.860', '0.080', '0.99977', '-0.02138', '-0.00007', '0.02138',
    '0.99977', '-0.00015', '0.00007', '0.00015', '1.00000']
  '006.1333': ['1.089', '2.857', '0.080', '0.99978', '-0.02087', '-0.00008', '0.02087',
    '0.99978', '-0.00014', '0.00009', '0.00014', '1.00000']
  '006.2000': ['1.089', '2.857', '0.080', '0.99979', '-0.02028', '-0.00007', '0.02028',
    '0.99979', '-0.00015', '0.00008', '0.00014', '1.00000']
  '006.2667': ['1.086', '2.859', '0.080', '0.99978', '-0.02077', '-0.00007', '0.02077',
    '0.99978', '-0.00015', '0.00007', '0.00015', '1.00000']
  '006.3333': ['1.086', '2.860', '0.080', '0.99975', '-0.02235', '-0.00008', '0.02235',
    '0.99975', '-0.00016', '0.00008', '0.00015', '1.00000']
  '006.4000': ['1.088', '2.858', '0.080', '0.99980', '-0.01984', '-0.00007', '0.01984',
    '0.99980', '-0.00015', '0.00007', '0.00014', '1.00000']
  '006.4667': ['1.086', '2.860', '0.080', '0.99984', '-0.01796', '-0.00008', '0.01796',
    '0.99984', '-0.00015', '0.00008', '0.00015', '1.00000']
  '006.5333': ['1.089', '2.858', '0.080', '0.99980', '-0.02015', '-0.00008', '0.02015',
    '0.99980', '-0.00016', '0.00008', '0.00016', '1.00000']
  '006.6000': ['1.090', '2.857', '0.080', '0.99984', '-0.01768', '-0.00008', '0.01768',
    '0.99984', '-0.00014', '0.00008', '0.00014', '1.00000']
  '006.6667': ['1.088', '2.858', '0.080', '0.99976', '-0.02207', '-0.00008', '0.02207',
    '0.99976', '-0.00015', '0.00008', '0.00015', '1.00000']
  '006.7333': ['1.060', '2.890', '0.080', '0.99989', '0.01494', '-0.00007', '-0.01494',
    '0.99989', '-0.00007', '0.00007', '0.00008', '1.00000']
  '006.8000': ['1.060', '2.890', '0.080', '0.99990', '0.01443', '-0.00006', '-0.01443',
    '0.99990', '-0.00008', '0.00006', '0.00008', '1.00000']
  '006.8667': ['0.994', '2.922', '0.080', '0.99920', '0.04011', '-0.00035', '-0.04011',
    '0.99920', '0.00015', '0.00035', '-0.00014', '1.00000']
  '006.9333': ['0.994', '2.923', '0.080', '0.99926', '0.03833', '-0.00037', '-0.03833',
    '0.99927', '0.00008', '0.00037', '-0.00007', '1.00000']
  '007.0000': ['0.994', '2.923', '0.080', '0.99925', '0.03882', '-0.00034', '-0.03882',
    '0.99925', '0.00010', '0.00035', '-0.00008', '1.00000']
  '007.0667': ['0.993', '2.922', '0.080', '0.99916', '0.04101', '-0.00031', '-0.04101',
    '0.99916', '0.00015', '0.00032', '-0.00013', '1.00000']
  '007.1333': ['0.994', '2.923', '0.080', '0.99924', '0.03907', '-0.00034', '-0.03907',
    '0.99924', '0.00011', '0.00035', '-0.00010', '1.00000']
  '007.2000': ['0.993', '2.922', '0.080', '0.99918', '0.04051', '-0.00031', '-0.04051',
    '0.99918', '0.00014', '0.00032', '-0.00013', '1.00000']
  '007.2667': ['0.993', '2.922', '0.080', '0.99919', '0.04018', '-0.00032', '-0.04018',
    '0.99919', '0.00015', '0.00033', '-0.00014', '1.00000']
  '007.3333': ['0.994', '2.923', '0.080', '0.99925', '0.03881', '-0.00035', '-0.03881',
    '0.99925', '0.00010', '0.00036', '-0.00008', '1.00000']
  '007.4000': ['0.992', '2.921', '0.080', '0.99920', '0.04010', '-0.00028', '-0.04010',
    '0.99920', '0.00016', '0.00028', '-0.00015', '1.00000']
  '007.4667': ['0.995', '2.922', '0.080', '0.99919', '0.04032', '-0.00039', '-0.04032',
    '0.99919', '0.00013', '0.00039', '-0.00012', '1.00000']
  '007.5333': ['0.994', '2.922', '0.080', '0.99919', '0.04035', '-0.00035', '-0.04035',
    '0.99919', '0.00013', '0.00036', '-0.00011', '1.00000']
  '007.6000': ['0.994', '2.923', '0.080', '0.99924', '0.03903', '-0.00033', '-0.03903',
    '0.99924', '0.00010', '0.00033', '-0.00008', '1.00000']
  '007.6667': ['0.994', '2.922', '0.080', '0.99919', '0.04034', '-0.00034', '-0.04034',
    '0.99919', '0.00015', '0.00035', '-0.00013', '1.00000']
  '009.3333': ['1.108', '2.827', '0.080', '0.99827', '-0.05879', '-0.00019', '0.05879',
    '0.99827', '-0.00021', '0.00020', '0.00020', '1.00000']
  '009.4000': ['1.112', '2.824', '0.080', '0.99831', '-0.05808', '-0.00021', '0.05808',
    '0.99831', '-0.00022', '0.00022', '0.00020', '1.00000']
  '009.4667': ['1.112', '2.824', '0.080', '0.99826', '-0.05890', '-0.00021', '0.05890',
    '0.99826', '-0.00020', '0.00022', '0.00019', '1.00000']
  '009.5333': ['1.106', '2.828', '0.080', '0.99805', '-0.06238', '-0.00020', '0.06238',
    '0.99805', '-0.00023', '0.00021', '0.00022', '1.00000']
  '009.6000': ['1.111', '2.824', '0.080', '0.99829', '-0.05842', '-0.00022', '0.05842',
    '0.99829', '-0.00021', '0.00023', '0.00020', '1.00000']
  '009.6667': ['1.105', '2.829', '0.080', '0.99828', '-0.05855', '-0.00019', '0.05855',
    '0.99828', '-0.00023', '0.00021', '0.00022', '1.00000']
  '009.7333': ['1.105', '2.829', '0.080', '0.99823', '-0.05951', '-0.00018', '0.05951',
    '0.99823', '-0.00023', '0.00020', '0.00022', '1.00000']
  '009.8000': ['1.109', '2.826', '0.080', '0.99841', '-0.05644', '-0.00020', '0.05644',
    '0.99841', '-0.00022', '0.00021', '0.00021', '1.00000']
  '009.8667': ['1.104', '2.830', '0.080', '0.99822', '-0.05969', '-0.00019', '0.05969',
    '0.99822', '-0.00024', '0.00021', '0.00023', '1.00000']
  '009.9333': ['1.110', '2.825', '0.080', '0.99810', '-0.06163', '-0.00020', '0.06163',
    '0.99810', '-0.00022', '0.00021', '0.00020', '1.00000']
